/*--------------------------------*- C++ -*----------------------------------*\
  =========                 |
  \\      /  F ield         | OpenFOAM: The Open Source CFD Toolbox
   \\    /   O peration     |
    \\  /    A nd           | Version: 13
     \\/     M anipulation  |
\*---------------------------------------------------------------------------*/
FoamFile
{
    version     2.0;
    format      ascii;
    class       labelList;
    location    "constant/polyMesh";
    object      neighbour;
}
// * * * * * * * * * * * * * * * * * * * * * * * * * * * * * * * * * * * * //
2182
(
32
2
6
3
4
7
6
11
74
8
76
9
10
12
12
14
29
35
16
41
39
18
33
43
20
47
45
22
24
24
57
26
27
59
28
63
30
31
32
34
36
36
38
40
151
40
42
44
44
46
65
48
49
50
67
52
54
55
54
75
56
119
58
60
60
62
83
111
64
93
66
85
68
69
70
71
72
87
74
91
76
78
89
80
80
81
82
84
84
86
117
88
135
90
92
92
94
95
96
97
98
99
100
125
102
104
143
104
123
106
139
127
108
115
131
110
112
113
112
114
116
116
118
133
120
137
122
141
129
124
126
126
128
145
130
132
132
134
147
136
138
138
140
142
142
144
146
146
148
149
150
155
152
153
154
157
156
158
158
159
477
477
223
479
479
160
224
478
478
480
480
161
481
163
163
171
171
162
164
164
482
172
172
163
165
165
483
164
166
166
484
165
485
167
167
166
168
168
486
167
487
173
173
168
174
174
488
169
307
171
171
181
181
170
172
172
308
182
182
171
489
172
490
173
311
175
175
174
176
176
312
175
177
177
491
176
178
178
492
177
493
179
179
178
180
180
494
179
495
183
183
180
496
184
184
181
183
183
497
182
184
184
498
183
499
184
500
185
187
187
501
501
217
186
502
502
188
188
218
187
503
503
229
188
230
504
504
189
191
191
505
505
241
190
506
506
192
192
242
191
237
507
507
192
238
508
508
193
225
195
195
509
509
194
196
196
226
510
510
195
245
511
511
196
246
512
512
197
253
513
199
199
198
514
254
200
200
199
515
249
200
516
250
201
517
517
207
207
203
203
202
208
208
518
518
204
204
203
519
519
521
521
204
520
520
522
522
205
273
273
523
207
207
206
524
274
274
208
208
207
525
208
526
209
211
211
527
213
210
528
212
212
214
211
277
529
212
278
530
213
531
215
215
214
532
216
216
215
533
285
216
534
286
217
535
535
219
219
218
536
536
220
220
219
221
537
537
220
222
538
538
221
539
539
223
223
222
540
540
224
224
223
541
541
224
542
542
225
543
543
227
227
226
228
228
544
544
227
545
545
231
228
546
546
232
229
231
231
547
547
230
548
548
232
232
231
549
549
232
550
550
233
235
235
239
551
551
234
240
236
236
552
552
235
553
553
461
236
554
554
462
237
239
239
555
555
238
556
556
240
240
239
557
557
240
558
558
241
559
559
243
243
242
560
560
244
244
243
561
561
247
244
562
562
248
245
247
247
563
563
246
564
564
248
248
247
565
565
248
566
566
249
567
567
251
251
250
568
568
252
252
251
289
569
569
252
290
570
570
253
255
255
571
254
572
256
256
255
257
573
256
258
574
257
575
259
259
258
260
260
576
259
293
577
260
578
294
261
579
263
263
267
262
264
264
580
268
263
581
269
264
582
270
265
267
267
583
309
266
584
268
268
310
267
585
268
586
269
271
271
587
270
272
272
588
271
397
589
272
398
590
273
591
275
275
274
276
276
592
275
593
279
279
276
594
280
280
277
279
279
595
278
596
280
280
279
597
280
598
281
599
283
283
325
282
284
284
600
326
283
601
381
284
602
382
285
287
287
603
286
288
288
604
287
345
605
288
346
606
289
607
607
291
291
290
608
608
292
292
291
609
609
329
292
610
610
330
293
295
295
611
294
612
296
296
295
297
613
296
298
614
297
615
299
299
298
300
300
616
299
301
617
300
618
302
301
303
303
619
302
620
304
304
303
333
621
304
334
622
305
623
307
307
341
306
308
308
624
342
307
625
308
626
309
627
311
311
310
628
312
312
311
629
312
630
313
337
315
315
631
314
316
316
338
632
315
633
319
316
320
634
317
321
635
319
319
318
636
322
320
320
319
637
320
638
321
323
323
639
322
640
324
324
323
641
327
324
328
642
325
643
327
327
326
644
328
328
327
645
328
646
329
647
647
331
331
330
648
648
332
332
331
393
649
649
332
394
650
650
333
335
335
651
334
652
336
336
335
653
429
336
430
654
337
339
339
655
338
656
340
340
339
657
343
340
344
658
341
659
343
343
342
660
344
344
343
661
344
662
345
663
347
347
346
348
348
664
347
665
349
348
666
350
349
351
351
667
350
352
352
668
351
669
353
352
670
354
353
671
355
355
354
672
356
356
355
673
357
356
674
358
357
359
359
675
358
360
360
676
359
409
677
360
410
678
361
363
363
367
679
362
368
364
364
680
363
445
681
364
682
446
365
367
367
683
405
366
684
368
368
406
367
685
368
686
369
437
687
371
371
370
688
438
372
372
371
689
413
372
690
414
373
691
375
375
389
374
376
376
692
390
375
693
421
376
694
422
377
695
383
379
379
378
384
696
380
380
379
385
697
380
386
698
381
699
383
383
382
700
384
384
383
701
384
702
385
387
387
703
386
704
388
388
387
705
391
388
392
706
389
707
391
391
390
708
392
392
391
709
392
710
393
711
711
395
395
394
712
712
396
396
395
713
713
425
396
714
714
426
397
715
399
399
398
400
400
716
399
717
433
400
718
434
401
719
403
403
441
402
404
404
720
442
403
721
417
404
722
418
405
723
407
407
406
724
408
408
407
411
725
408
412
726
409
411
411
727
410
728
412
412
411
729
412
730
413
731
415
415
414
732
416
416
415
449
733
416
450
734
417
419
419
735
418
420
420
736
419
737
423
420
424
738
421
739
423
423
422
740
424
424
423
741
424
742
425
743
743
427
427
426
744
744
428
428
427
453
745
745
428
454
746
746
429
431
431
747
430
748
432
432
431
749
435
432
436
750
433
751
435
435
434
752
436
436
435
753
436
754
437
439
439
755
438
756
440
440
439
757
443
440
444
758
441
759
443
443
442
760
444
444
443
761
444
762
445
447
447
763
446
764
448
448
447
765
451
448
452
766
449
767
451
451
450
768
452
452
451
769
452
770
453
771
771
455
455
454
772
772
456
456
455
773
773
457
456
774
774
458
457
775
775
459
459
458
776
776
460
460
459
469
777
777
460
470
778
778
461
463
463
779
779
462
464
464
780
780
463
781
781
465
464
466
782
782
465
467
467
783
783
466
468
468
784
784
467
473
785
785
468
786
786
474
469
787
787
471
471
470
788
788
472
472
471
789
789
475
472
790
790
476
473
475
475
791
791
474
792
792
476
476
475
793
793
476
794
794
477
480
478
478
478
539
479
542
480
480
480
481
490
482
482
482
483
483
484
484
484
485
485
486
486
486
487
487
488
488
488
629
489
624
490
490
490
491
628
492
492
492
493
493
494
494
494
495
495
496
496
496
499
497
500
498
498
498
625
499
500
500
500
501
548
502
502
502
535
503
538
504
504
504
549
505
556
506
506
506
559
507
562
508
508
508
557
509
564
510
510
510
543
511
546
512
512
512
565
513
572
514
514
514
567
515
570
516
516
516
573
517
522
518
518
518
525
519
524
520
520
520
521
521
522
522
522
523
594
524
524
524
525
526
526
526
591
527
596
528
528
528
531
529
534
530
530
530
597
531
532
532
532
605
533
604
534
534
534
535
536
536
536
541
537
540
538
538
538
539
540
540
540
541
542
542
542
543
544
544
544
547
545
550
546
546
546
547
548
548
548
549
550
550
550
551
558
552
552
552
781
553
780
554
554
554
555
555
556
556
556
557
558
558
558
559
560
560
560
563
561
566
562
562
562
563
564
564
564
565
566
566
566
567
568
568
568
607
569
610
570
570
570
571
578
572
572
572
573
574
574
574
575
575
576
576
576
613
577
612
578
578
578
579
586
580
580
580
589
581
588
582
582
582
583
583
584
584
584
627
585
630
586
586
586
587
718
588
588
588
589
590
590
590
715
591
592
592
592
595
593
598
594
594
594
595
596
596
596
597
598
598
598
599
646
600
600
600
699
601
702
602
602
602
643
603
666
604
604
604
605
606
606
606
663
607
608
608
608
647
609
650
610
610
610
611
618
612
612
612
613
614
614
614
615
615
616
616
616
621
617
620
618
618
618
619
652
620
620
620
621
622
622
622
653
623
662
624
624
624
625
626
626
626
659
627
628
628
628
629
630
630
630
631
636
632
632
632
657
633
656
634
634
634
637
635
640
636
636
636
637
638
638
638
641
639
644
640
640
640
641
642
642
642
645
643
644
644
644
645
646
646
646
647
648
648
648
711
649
714
650
650
650
651
748
652
652
652
653
654
654
654
749
655
660
656
656
656
657
658
658
658
661
659
660
660
660
661
662
662
662
663
664
664
664
669
665
668
666
666
666
667
674
668
668
668
669
670
670
670
671
671
672
672
672
677
673
676
674
674
674
675
728
676
676
676
677
678
678
678
729
679
686
680
680
680
765
681
764
682
682
682
683
683
684
684
684
723
685
726
686
686
686
687
756
688
688
688
731
689
734
690
690
690
757
691
710
692
692
692
739
693
742
694
694
694
707
695
704
696
696
696
701
697
700
698
698
698
705
699
700
700
700
701
702
702
702
703
708
704
704
704
705
706
706
706
709
707
708
708
708
709
710
710
710
711
712
712
712
743
713
746
714
714
714
715
716
716
716
751
717
754
718
718
718
719
762
720
720
720
737
721
736
722
722
722
759
723
724
724
724
727
725
730
726
726
726
727
728
728
728
729
730
730
730
731
732
732
732
767
733
770
734
734
734
735
740
736
736
736
737
738
738
738
741
739
740
740
740
741
742
742
742
743
744
744
744
771
745
774
746
746
746
747
752
748
748
748
749
750
750
750
753
751
752
752
752
753
754
754
754
755
760
756
756
756
757
758
758
758
761
759
760
760
760
761
762
762
762
763
768
764
764
764
765
766
766
766
769
767
768
768
768
769
770
770
770
771
772
772
772
775
773
778
774
774
774
775
776
776
776
787
777
790
778
778
778
779
786
780
780
780
781
782
782
782
783
783
784
784
784
793
785
792
786
786
786
787
788
788
788
791
789
794
790
790
790
791
792
792
792
793
794
794
794
)

// ************************************************************************* //
