/*--------------------------------*- C++ -*----------------------------------*\
  =========                 |
  \\      /  F ield         | OpenFOAM: The Open Source CFD Toolbox
   \\    /   O peration     |
    \\  /    A nd           | Version: 13
     \\/     M anipulation  |
\*---------------------------------------------------------------------------*/
FoamFile
{
    version     2.0;
    format      ascii;
    class       faceList;
    location    "constant/polyMesh";
    object      faces;
}
// * * * * * * * * * * * * * * * * * * * * * * * * * * * * * * * * * * * * //
1052
(
4(94 159 415 350)
4(163 94 350 419)
4(94 162 418 350)
4(23 46 302 279)
4(43 23 279 299)
4(3 13 269 259)
4(0 7 263 256)
4(0 102 358 256)
4(104 0 256 360)
4(0 103 359 256)
4(4 8 264 260)
4(45 22 278 301)
4(22 42 298 278)
4(92 158 414 348)
4(158 96 352 414)
4(92 160 416 348)
4(14 20 276 270)
4(32 34 290 288)
4(78 70 326 334)
4(129 121 377 385)
4(194 156 412 450)
4(226 216 472 482)
4(244 230 486 500)
4(252 242 498 508)
4(255 248 504 511)
4(251 247 503 507)
4(241 235 491 497)
4(223 221 477 479)
4(177 185 441 433)
4(126 134 390 382)
4(61 99 355 317)
4(29 39 295 285)
4(11 25 281 267)
4(163 97 353 419)
4(94 166 422 350)
4(23 50 306 279)
4(3 23 279 259)
4(0 17 273 256)
4(106 0 256 362)
4(0 105 361 256)
4(4 18 274 260)
4(49 22 278 305)
4(158 93 349 414)
4(92 164 420 348)
4(22 44 300 278)
4(14 26 282 270)
4(32 36 292 288)
4(78 72 328 334)
4(129 117 373 385)
4(194 154 410 450)
4(226 214 470 482)
4(244 224 480 500)
4(252 232 488 508)
4(255 238 494 511)
4(251 237 493 507)
4(241 229 485 497)
4(223 219 475 479)
4(177 183 439 433)
4(126 138 394 382)
4(61 101 357 317)
4(29 41 297 285)
4(11 31 287 267)
4(43 27 283 299)
4(163 95 351 419)
4(94 170 426 350)
4(23 54 310 279)
4(9 23 279 265)
4(106 17 273 362)
4(0 107 363 256)
4(12 18 274 268)
4(49 12 268 305)
4(158 89 345 414)
4(92 168 424 348)
4(22 48 304 278)
4(24 26 282 280)
4(38 36 292 294)
4(98 72 328 354)
4(133 117 373 389)
4(184 154 410 440)
4(220 214 470 476)
4(234 224 480 490)
4(246 232 488 502)
4(249 238 494 505)
4(243 237 493 499)
4(231 229 485 487)
4(217 219 475 473)
4(157 183 439 413)
4(122 138 394 378)
4(71 101 357 327)
4(35 41 297 291)
4(21 31 287 277)
4(43 21 277 299)
4(163 91 347 419)
4(94 174 430 350)
4(23 58 314 279)
4(19 23 279 275)
4(106 19 275 362)
4(0 109 365 256)
4(49 18 274 305)
4(158 85 341 414)
4(92 172 428 348)
4(22 52 308 278)
4(30 26 282 286)
4(40 36 292 296)
4(100 72 328 356)
4(137 117 373 393)
4(182 154 410 438)
4(218 214 470 474)
4(228 224 480 484)
4(236 232 488 492)
4(239 238 494 495)
4(233 237 493 489)
4(225 229 485 481)
4(215 219 475 471)
4(155 183 439 411)
4(118 138 394 374)
4(73 101 357 329)
4(37 41 297 293)
4(43 31 287 299)
4(163 87 343 419)
4(94 180 436 350)
4(23 64 320 279)
4(106 23 279 362)
4(0 111 367 256)
4(49 16 272 305)
4(158 81 337 414)
4(92 178 434 348)
4(22 56 312 278)
4(30 22 278 286)
4(40 30 286 296)
4(100 40 296 356)
4(137 100 356 393)
4(182 137 393 438)
4(218 182 438 474)
4(228 218 474 484)
4(236 228 484 492)
4(239 236 492 495)
4(233 239 495 489)
4(225 233 489 481)
4(215 225 481 471)
4(155 215 471 411)
4(118 155 411 374)
4(73 118 374 329)
4(37 73 329 293)
4(43 37 293 299)
4(163 83 339 419)
4(94 188 444 350)
4(106 64 320 362)
4(0 113 369 256)
4(53 16 272 309)
4(158 75 331 414)
4(92 186 442 348)
4(22 62 318 278)
4(40 22 278 296)
4(137 40 296 393)
4(218 137 393 474)
4(236 218 474 492)
4(233 236 492 489)
4(215 233 489 471)
4(118 215 471 374)
4(37 118 374 293)
4(47 37 293 303)
4(163 77 333 419)
4(90 188 444 346)
4(106 68 324 362)
4(6 113 369 262)
4(57 16 272 313)
4(158 67 323 414)
4(88 186 442 344)
4(40 62 318 296)
4(218 40 296 474)
4(233 218 474 489)
4(118 233 489 374)
4(51 37 293 307)
4(163 69 325 419)
4(86 188 444 342)
4(106 76 332 362)
4(6 115 371 262)
4(63 16 272 319)
4(161 67 323 417)
4(84 186 442 340)
4(40 66 322 296)
4(37 233 489 293)
4(55 37 293 311)
4(167 69 325 423)
4(82 188 444 338)
4(106 82 338 362)
4(6 119 375 262)
4(67 16 272 323)
4(165 67 323 421)
4(80 186 442 336)
4(40 74 330 296)
4(59 37 293 315)
4(171 69 325 427)
4(108 82 338 364)
4(6 123 379 262)
4(165 16 272 421)
4(74 186 442 330)
4(218 74 330 474)
4(65 37 293 321)
4(175 69 325 431)
4(110 82 338 366)
4(16 123 379 272)
4(169 16 272 425)
4(218 186 442 474)
4(69 37 293 325)
4(181 69 325 437)
4(112 82 338 368)
4(169 123 379 425)
4(218 190 446 474)
4(181 37 293 437)
4(114 82 338 370)
4(169 127 383 425)
4(218 196 452 474)
4(189 37 293 445)
4(116 82 338 372)
4(169 131 387 425)
4(218 200 456 474)
4(193 37 293 449)
4(120 82 338 376)
4(169 135 391 425)
4(218 204 460 474)
4(193 233 489 449)
4(120 188 444 376)
4(169 139 395 425)
4(218 208 464 474)
4(199 233 489 455)
4(120 192 448 376)
4(169 141 397 425)
4(218 212 468 474)
4(203 233 489 459)
4(124 192 448 380)
4(169 143 399 425)
4(218 209 465 474)
4(207 233 489 463)
4(128 192 448 384)
4(169 145 401 425)
4(218 205 461 474)
4(211 233 489 467)
4(132 192 448 388)
4(169 147 403 425)
4(233 205 461 489)
4(213 233 489 469)
4(136 192 448 392)
4(169 149 405 425)
4(233 201 457 489)
4(210 233 489 466)
4(140 192 448 396)
4(169 151 407 425)
4(233 197 453 489)
4(206 233 489 462)
4(142 192 448 398)
4(169 153 409 425)
4(233 191 447 489)
4(202 233 489 458)
4(142 198 454 398)
4(169 152 408 425)
4(233 187 443 489)
4(198 233 489 454)
4(144 198 454 400)
4(169 150 406 425)
4(233 179 435 489)
4(144 233 489 400)
4(173 150 406 429)
4(233 173 429 489)
4(146 233 489 402)
4(173 148 404 429)
4(148 233 489 404)
3(159 94 163)
3(419 350 415)
4(159 163 419 415)
3(159 162 94)
3(350 418 415)
4(162 159 415 418)
3(43 46 23)
3(279 302 299)
4(46 43 299 302)
3(5 13 3)
3(259 269 261)
4(13 5 261 269)
4(5 3 259 261)
3(1 7 0)
3(256 263 257)
4(7 1 257 263)
4(1 0 256 257)
3(102 0 104)
3(360 256 358)
4(102 104 360 358)
3(102 103 0)
3(256 359 358)
4(103 102 358 359)
3(2 8 4)
3(260 264 258)
4(8 2 258 264)
4(2 4 260 258)
3(42 22 45)
3(301 278 298)
4(42 45 301 298)
3(92 96 158)
3(414 352 348)
4(96 92 348 352)
3(158 160 92)
3(348 416 414)
4(160 158 414 416)
3(10 20 14)
3(270 276 266)
4(20 10 266 276)
4(10 14 270 266)
3(28 34 32)
3(288 290 284)
4(34 28 284 290)
4(28 32 288 284)
3(60 70 78)
3(334 326 316)
4(70 60 316 326)
4(60 78 334 316)
3(125 121 129)
3(385 377 381)
4(121 125 381 377)
4(125 129 385 381)
3(176 156 194)
3(450 412 432)
4(156 176 432 412)
4(176 194 450 432)
3(222 216 226)
3(482 472 478)
4(216 222 478 472)
4(222 226 482 478)
3(240 230 244)
3(500 486 496)
4(230 240 496 486)
4(240 244 500 496)
3(250 242 252)
3(508 498 506)
4(242 250 506 498)
4(250 252 508 506)
3(254 248 255)
3(511 504 510)
4(248 254 510 504)
4(254 255 511 510)
3(253 247 251)
3(507 503 509)
4(247 253 509 503)
4(253 251 507 509)
3(245 235 241)
3(497 491 501)
4(235 245 501 491)
4(245 241 497 501)
3(227 221 223)
3(479 477 483)
4(221 227 483 477)
4(227 223 479 483)
3(195 185 177)
3(433 441 451)
4(185 195 451 441)
4(195 177 433 451)
3(130 134 126)
3(382 390 386)
4(134 130 386 390)
4(130 126 382 386)
3(79 99 61)
3(317 355 335)
4(99 79 335 355)
4(79 61 317 335)
3(33 39 29)
3(285 295 289)
4(39 33 289 295)
4(33 29 285 289)
3(15 25 11)
3(267 281 271)
4(25 15 271 281)
4(15 11 267 271)
3(94 97 163)
3(419 353 350)
4(97 94 350 353)
3(162 166 94)
3(350 422 418)
4(166 162 418 422)
3(46 50 23)
3(279 306 302)
4(50 46 302 306)
3(13 23 3)
3(259 279 269)
4(23 13 269 279)
3(7 17 0)
3(256 273 263)
4(17 7 263 273)
3(104 0 106)
3(362 256 360)
4(104 106 362 360)
3(103 105 0)
3(256 361 359)
4(105 103 359 361)
3(8 18 4)
3(260 274 264)
4(18 8 264 274)
3(45 22 49)
3(305 278 301)
4(45 49 305 301)
3(96 93 158)
3(414 349 352)
4(93 96 352 349)
3(160 164 92)
3(348 420 416)
4(164 160 416 420)
3(42 44 22)
3(278 300 298)
4(44 42 298 300)
3(20 26 14)
3(270 282 276)
4(26 20 276 282)
3(34 36 32)
3(288 292 290)
4(36 34 290 292)
3(70 72 78)
3(334 328 326)
4(72 70 326 328)
3(121 117 129)
3(385 373 377)
4(117 121 377 373)
3(156 154 194)
3(450 410 412)
4(154 156 412 410)
3(216 214 226)
3(482 470 472)
4(214 216 472 470)
3(230 224 244)
3(500 480 486)
4(224 230 486 480)
3(242 232 252)
3(508 488 498)
4(232 242 498 488)
3(248 238 255)
3(511 494 504)
4(238 248 504 494)
3(247 237 251)
3(507 493 503)
4(237 247 503 493)
3(235 229 241)
3(497 485 491)
4(229 235 491 485)
3(221 219 223)
3(479 475 477)
4(219 221 477 475)
3(185 183 177)
3(433 439 441)
4(183 185 441 439)
3(134 138 126)
3(382 394 390)
4(138 134 390 394)
3(99 101 61)
3(317 357 355)
4(101 99 355 357)
3(39 41 29)
3(285 297 295)
4(41 39 295 297)
3(25 31 11)
3(267 287 281)
4(31 25 281 287)
3(23 27 43)
3(299 283 279)
4(27 23 279 283)
3(97 95 163)
3(419 351 353)
4(95 97 353 351)
3(166 170 94)
3(350 426 422)
4(170 166 422 426)
3(50 54 23)
3(279 310 306)
4(54 50 306 310)
3(3 23 9)
3(265 279 259)
4(3 9 265 259)
3(0 17 106)
3(362 273 256)
3(105 107 0)
3(256 363 361)
4(107 105 361 363)
3(4 18 12)
3(268 274 260)
4(4 12 268 260)
3(22 12 49)
3(305 268 278)
4(12 22 278 268)
3(93 89 158)
3(414 345 349)
4(89 93 349 345)
3(164 168 92)
3(348 424 420)
4(168 164 420 424)
3(44 48 22)
3(278 304 300)
4(48 44 300 304)
3(14 26 24)
3(280 282 270)
4(14 24 280 270)
3(32 36 38)
3(294 292 288)
4(32 38 294 288)
3(78 72 98)
3(354 328 334)
4(78 98 354 334)
3(129 117 133)
3(389 373 385)
4(129 133 389 385)
3(194 154 184)
3(440 410 450)
4(194 184 440 450)
3(226 214 220)
3(476 470 482)
4(226 220 476 482)
3(244 224 234)
3(490 480 500)
4(244 234 490 500)
3(252 232 246)
3(502 488 508)
4(252 246 502 508)
3(255 238 249)
3(505 494 511)
4(255 249 505 511)
3(251 237 243)
3(499 493 507)
4(251 243 499 507)
3(241 229 231)
3(487 485 497)
4(241 231 487 497)
3(223 219 217)
3(473 475 479)
4(223 217 473 479)
3(177 183 157)
3(413 439 433)
4(177 157 413 433)
3(126 138 122)
3(378 394 382)
4(126 122 378 382)
3(61 101 71)
3(327 357 317)
4(61 71 327 317)
3(29 41 35)
3(291 297 285)
4(29 35 291 285)
3(11 31 21)
3(277 287 267)
4(11 21 277 267)
3(27 21 43)
3(299 277 283)
4(21 27 283 277)
3(95 91 163)
3(419 347 351)
4(91 95 351 347)
3(170 174 94)
3(350 430 426)
4(174 170 426 430)
3(54 58 23)
3(279 314 310)
4(58 54 310 314)
3(9 23 19)
3(275 279 265)
4(9 19 275 265)
3(17 19 106)
3(362 275 273)
4(19 17 273 275)
3(107 109 0)
3(256 365 363)
4(109 107 363 365)
3(12 18 49)
3(305 274 268)
3(89 85 158)
3(414 341 345)
4(85 89 345 341)
3(168 172 92)
3(348 428 424)
4(172 168 424 428)
3(48 52 22)
3(278 308 304)
4(52 48 304 308)
3(24 26 30)
3(286 282 280)
4(24 30 286 280)
3(38 36 40)
3(296 292 294)
4(38 40 296 294)
3(98 72 100)
3(356 328 354)
4(98 100 356 354)
3(133 117 137)
3(393 373 389)
4(133 137 393 389)
3(184 154 182)
3(438 410 440)
4(184 182 438 440)
3(220 214 218)
3(474 470 476)
4(220 218 474 476)
3(234 224 228)
3(484 480 490)
4(234 228 484 490)
3(246 232 236)
3(492 488 502)
4(246 236 492 502)
3(249 238 239)
3(495 494 505)
4(249 239 495 505)
3(243 237 233)
3(489 493 499)
4(243 233 489 499)
3(231 229 225)
3(481 485 487)
4(231 225 481 487)
3(217 219 215)
3(471 475 473)
4(217 215 471 473)
3(157 183 155)
3(411 439 413)
4(157 155 411 413)
3(122 138 118)
3(374 394 378)
4(122 118 374 378)
3(71 101 73)
3(329 357 327)
4(71 73 329 327)
3(35 41 37)
3(293 297 291)
4(35 37 293 291)
3(21 31 43)
3(299 287 277)
3(91 87 163)
3(419 343 347)
4(87 91 347 343)
3(174 180 94)
3(350 436 430)
4(180 174 430 436)
3(58 64 23)
3(279 320 314)
4(64 58 314 320)
3(19 23 106)
3(362 279 275)
3(109 111 0)
3(256 367 365)
4(111 109 365 367)
3(18 16 49)
3(305 272 274)
4(16 18 274 272)
3(85 81 158)
3(414 337 341)
4(81 85 341 337)
3(172 178 92)
3(348 434 428)
4(178 172 428 434)
3(52 56 22)
3(278 312 308)
4(56 52 308 312)
3(26 22 30)
3(286 278 282)
4(22 26 282 278)
3(36 30 40)
3(296 286 292)
4(30 36 292 286)
3(72 40 100)
3(356 296 328)
4(40 72 328 296)
3(117 100 137)
3(393 356 373)
4(100 117 373 356)
3(154 137 182)
3(438 393 410)
4(137 154 410 393)
3(214 182 218)
3(474 438 470)
4(182 214 470 438)
3(224 218 228)
3(484 474 480)
4(218 224 480 474)
3(232 228 236)
3(492 484 488)
4(228 232 488 484)
3(238 236 239)
3(495 492 494)
4(236 238 494 492)
3(237 239 233)
3(489 495 493)
4(239 237 493 495)
3(229 233 225)
3(481 489 485)
4(233 229 485 489)
3(219 225 215)
3(471 481 475)
4(225 219 475 481)
3(183 215 155)
3(411 471 439)
4(215 183 439 471)
3(138 155 118)
3(374 411 394)
4(155 138 394 411)
3(101 118 73)
3(329 374 357)
4(118 101 357 374)
3(41 73 37)
3(293 329 297)
4(73 41 297 329)
3(31 37 43)
3(299 293 287)
4(37 31 287 293)
3(87 83 163)
3(419 339 343)
4(83 87 343 339)
3(180 188 94)
3(350 444 436)
4(188 180 436 444)
3(23 64 106)
3(362 320 279)
3(111 113 0)
3(256 369 367)
4(113 111 367 369)
3(49 16 53)
3(309 272 305)
4(49 53 309 305)
3(81 75 158)
3(414 331 337)
4(75 81 337 331)
3(178 186 92)
3(348 442 434)
4(186 178 434 442)
3(56 62 22)
3(278 318 312)
4(62 56 312 318)
3(30 22 40)
3(296 278 286)
3(100 40 137)
3(393 296 356)
3(182 137 218)
3(474 393 438)
3(228 218 236)
3(492 474 484)
3(239 236 233)
3(489 492 495)
3(225 233 215)
3(471 489 481)
3(155 215 118)
3(374 471 411)
3(73 118 37)
3(293 374 329)
3(43 37 47)
3(303 293 299)
4(43 47 303 299)
3(83 77 163)
3(419 333 339)
4(77 83 339 333)
3(94 188 90)
3(346 444 350)
4(94 90 346 350)
3(64 68 106)
3(362 324 320)
4(68 64 320 324)
3(0 113 6)
3(262 369 256)
4(0 6 262 256)
3(53 16 57)
3(313 272 309)
4(53 57 313 309)
3(75 67 158)
3(414 323 331)
4(67 75 331 323)
3(92 186 88)
3(344 442 348)
4(92 88 344 348)
3(22 62 40)
3(296 318 278)
3(137 40 218)
3(474 296 393)
3(236 218 233)
3(489 474 492)
3(215 233 118)
3(374 489 471)
3(47 37 51)
3(307 293 303)
4(47 51 307 303)
3(77 69 163)
3(419 325 333)
4(69 77 333 325)
3(90 188 86)
3(342 444 346)
4(90 86 342 346)
3(68 76 106)
3(362 332 324)
4(76 68 324 332)
3(113 115 6)
3(262 371 369)
4(115 113 369 371)
3(57 16 63)
3(319 272 313)
4(57 63 319 313)
3(158 67 161)
3(417 323 414)
4(158 161 417 414)
3(88 186 84)
3(340 442 344)
4(88 84 340 344)
3(62 66 40)
3(296 322 318)
4(66 62 318 322)
3(118 233 37)
3(293 489 374)
3(51 37 55)
3(311 293 307)
4(51 55 311 307)
3(163 69 167)
3(423 325 419)
4(163 167 423 419)
3(86 188 82)
3(338 444 342)
4(86 82 338 342)
3(76 82 106)
3(362 338 332)
4(82 76 332 338)
3(115 119 6)
3(262 375 371)
4(119 115 371 375)
3(63 16 67)
3(323 272 319)
4(63 67 323 319)
3(161 67 165)
3(421 323 417)
4(161 165 421 417)
3(84 186 80)
3(336 442 340)
4(84 80 336 340)
3(66 74 40)
3(296 330 322)
4(74 66 322 330)
3(55 37 59)
3(315 293 311)
4(55 59 315 311)
3(167 69 171)
3(427 325 423)
4(167 171 427 423)
3(106 82 108)
3(364 338 362)
4(106 108 364 362)
3(119 123 6)
3(262 379 375)
4(123 119 375 379)
3(67 16 165)
3(421 272 323)
3(80 186 74)
3(330 442 336)
4(80 74 330 336)
3(40 74 218)
3(474 330 296)
3(59 37 65)
3(321 293 315)
4(59 65 321 315)
3(171 69 175)
3(431 325 427)
4(171 175 431 427)
3(108 82 110)
3(366 338 364)
4(108 110 366 364)
3(6 123 16)
3(272 379 262)
4(6 16 272 262)
3(165 16 169)
3(425 272 421)
4(165 169 425 421)
3(74 186 218)
3(474 442 330)
3(65 37 69)
3(325 293 321)
4(65 69 325 321)
3(175 69 181)
3(437 325 431)
4(175 181 437 431)
3(110 82 112)
3(368 338 366)
4(110 112 368 366)
3(16 123 169)
3(425 379 272)
3(186 190 218)
3(474 446 442)
4(190 186 442 446)
3(69 37 181)
3(437 293 325)
3(112 82 114)
3(370 338 368)
4(112 114 370 368)
3(123 127 169)
3(425 383 379)
4(127 123 379 383)
3(190 196 218)
3(474 452 446)
4(196 190 446 452)
3(181 37 189)
3(445 293 437)
4(181 189 445 437)
3(114 82 116)
3(372 338 370)
4(114 116 372 370)
3(127 131 169)
3(425 387 383)
4(131 127 383 387)
3(196 200 218)
3(474 456 452)
4(200 196 452 456)
3(189 37 193)
3(449 293 445)
4(189 193 449 445)
3(116 82 120)
3(376 338 372)
4(116 120 376 372)
3(131 135 169)
3(425 391 387)
4(135 131 387 391)
3(200 204 218)
3(474 460 456)
4(204 200 456 460)
3(37 233 193)
3(449 489 293)
3(82 188 120)
3(376 444 338)
3(135 139 169)
3(425 395 391)
4(139 135 391 395)
3(204 208 218)
3(474 464 460)
4(208 204 460 464)
3(193 233 199)
3(455 489 449)
4(193 199 455 449)
3(188 192 120)
3(376 448 444)
4(192 188 444 448)
3(139 141 169)
3(425 397 395)
4(141 139 395 397)
3(208 212 218)
3(474 468 464)
4(212 208 464 468)
3(199 233 203)
3(459 489 455)
4(199 203 459 455)
3(120 192 124)
3(380 448 376)
4(120 124 380 376)
3(141 143 169)
3(425 399 397)
4(143 141 397 399)
3(212 209 218)
3(474 465 468)
4(209 212 468 465)
3(203 233 207)
3(463 489 459)
4(203 207 463 459)
3(124 192 128)
3(384 448 380)
4(124 128 384 380)
3(143 145 169)
3(425 401 399)
4(145 143 399 401)
3(209 205 218)
3(474 461 465)
4(205 209 465 461)
3(207 233 211)
3(467 489 463)
4(207 211 467 463)
3(128 192 132)
3(388 448 384)
4(128 132 388 384)
3(145 147 169)
3(425 403 401)
4(147 145 401 403)
3(218 205 233)
3(489 461 474)
3(211 233 213)
3(469 489 467)
4(211 213 469 467)
3(132 192 136)
3(392 448 388)
4(132 136 392 388)
3(147 149 169)
3(425 405 403)
4(149 147 403 405)
3(205 201 233)
3(489 457 461)
4(201 205 461 457)
3(213 233 210)
3(466 489 469)
4(213 210 466 469)
3(136 192 140)
3(396 448 392)
4(136 140 396 392)
3(149 151 169)
3(425 407 405)
4(151 149 405 407)
3(201 197 233)
3(489 453 457)
4(197 201 457 453)
3(210 233 206)
3(462 489 466)
4(210 206 462 466)
3(140 192 142)
3(398 448 396)
4(140 142 398 396)
3(151 153 169)
3(425 409 407)
4(153 151 407 409)
3(197 191 233)
3(489 447 453)
4(191 197 453 447)
3(206 233 202)
3(458 489 462)
4(206 202 458 462)
3(192 198 142)
3(398 454 448)
4(198 192 448 454)
3(153 152 169)
3(425 408 409)
4(152 153 409 408)
3(191 187 233)
3(489 443 447)
4(187 191 447 443)
3(202 233 198)
3(454 489 458)
4(202 198 454 458)
3(142 198 144)
3(400 454 398)
4(142 144 400 398)
3(152 150 169)
3(425 406 408)
4(150 152 408 406)
3(187 179 233)
3(489 435 443)
4(179 187 443 435)
3(198 233 144)
3(400 489 454)
3(169 150 173)
3(429 406 425)
4(169 173 429 425)
3(179 173 233)
3(489 429 435)
4(173 179 435 429)
3(144 233 146)
3(402 489 400)
4(144 146 402 400)
3(150 148 173)
3(429 404 406)
4(148 150 406 404)
3(146 233 148)
3(404 489 402)
4(146 148 404 402)
3(173 148 233)
3(489 404 429)
)

// ************************************************************************* //
