/*--------------------------------*- C++ -*----------------------------------*\
  =========                 |
  \\      /  F ield         | OpenFOAM: The Open Source CFD Toolbox
   \\    /   O peration     |
    \\  /    A nd           | Version: 13
     \\/     M anipulation  |
\*---------------------------------------------------------------------------*/
FoamFile
{
    version     2.0;
    format      ascii;
    class       vectorField;
    location    "constant/polyMesh";
    object      points;
}
// * * * * * * * * * * * * * * * * * * * * * * * * * * * * * * * * * * * * //
288
(
(-0.760200862 -0.461541153 -0.455604367)
(-0.842546194 -0.509081944 -0.172973786)
(-0.845821654 -0.503679532 0.172977522)
(-0.765181674 -0.453290888 0.455614945)
(-0.846699631 -0.167424686 -0.503853856)
(-0.961397611 -0.193180035 -0.192143059)
(-0.961473114 -0.191823379 0.192105534)
(-0.845797939 -0.172794857 0.503939663)
(-0.846699631 0.167424686 -0.503853856)
(-0.961397611 0.193180035 -0.192143059)
(-0.961473114 0.191823379 0.192105534)
(-0.845797939 0.172794857 0.503939663)
(-0.760200862 0.461541153 -0.455604367)
(-0.842546194 0.509081944 -0.172973786)
(-0.845821654 0.503679532 0.172977522)
(-0.765181674 0.453290888 0.455614945)
(-0.393962325 -0.807751396 -0.43832812)
(-0.50363626 -0.845847864 -0.172982233)
(-0.509036875 -0.842571465 0.17297814)
(-0.461493207 -0.760221148 0.455616617)
(-0.408267057 -0.422774358 -0.808937532)
(-0.577237197 -0.576503969 -0.576925039)
(-0.689438842 -0.686411106 -0.227638573)
(-0.686351028 -0.68949663 0.227639454)
(-0.576445386 -0.577296746 0.576926135)
(-0.451748456 -0.456878818 0.765964981)
(-0.50245088 -0.168320621 -0.847742321)
(-0.687316643 -0.228392066 -0.688259298)
(-0.554915599 -0.180619429 -0.180826541)
(-0.554920071 -0.180686518 0.180828704)
(-0.686607834 -0.22816275 0.68914506)
(-0.503674115 -0.164974409 0.847842731)
(-0.502450908 0.168320233 -0.847742377)
(-0.687315961 0.228392985 -0.68825975)
(-0.554915599 0.180619429 -0.180826541)
(-0.554920071 0.180686518 0.180828704)
(-0.686607834 0.22816275 0.68914506)
(-0.503674115 0.164974409 0.847842731)
(-0.456818133 0.451807059 -0.765964981)
(-0.577236406 0.576504351 -0.576925437)
(-0.689437973 0.68641167 -0.227639764)
(-0.686351028 0.68949663 0.227639454)
(-0.576445386 0.577296746 0.576926135)
(-0.451748456 0.456878818 0.765964981)
(-0.453244386 0.765202729 -0.455627927)
(-0.503636261 0.845847881 -0.172982138)
(-0.509036875 0.842571465 0.17297814)
(-0.461493207 0.760221148 0.455616617)
(-0.172679234 -0.845812573 -0.503948851)
(-0.191710031 -0.961496093 -0.192111423)
(-0.193064158 -0.961417204 0.192147114)
(-0.167309095 -0.846717223 0.503864936)
(-0.164854295 -0.503729273 -0.847835553)
(-0.228039677 -0.686658054 -0.689135024)
(-0.180779602 -0.554611245 -0.180846766)
(-0.180507077 -0.554971955 0.180824498)
(-0.228270449 -0.687365761 0.688249824)
(-0.168198998 -0.502504706 0.847733186)
(-0.193124647 -0.193008838 -0.961777275)
(-0.180747006 -0.18084416 -0.555063987)
(-0.199758823 -0.199878165 -0.2)
(-0.199758823 -0.199878165 0.2)
(-0.180679069 -0.18071834 0.555471942)
(-0.192888557 -0.193243034 0.9617783)
(-0.193123583 0.193007763 -0.961777607)
(-0.18060856 0.180789895 -0.555474123)
(-0.199758823 0.199878165 -0.2)
(-0.199758823 0.199878165 0.2)
(-0.180679069 0.18071834 0.555471942)
(-0.192888557 0.193243034 0.9617783)
(-0.164853459 0.50372933 -0.847835675)
(-0.228040268 0.686657805 -0.689135127)
(-0.180573407 0.554975043 -0.180826688)
(-0.180506213 0.554970288 0.180824498)
(-0.228270449 0.687365761 0.688249824)
(-0.168198998 0.502504706 0.847733186)
(-0.172678135 0.845812731 -0.503948918)
(-0.191709002 0.961496415 -0.192110389)
(-0.193064158 0.961417204 0.192147114)
(-0.167309095 0.846717223 0.503864936)
(0.172969942 -0.845775747 -0.503925787)
(0.191994947 -0.961438163 -0.192098253)
(0.19335385 -0.961368221 0.192136979)
(0.167598074 -0.84667324 0.503837239)
(0.16514096 -0.503699576 -0.847788472)
(0.228323977 -0.686612817 -0.689089048)
(0.180848887 -0.554966281 -0.180825926)
(0.180782718 -0.5549608 0.180822787)
(0.2285539 -0.687319982 0.688203773)
(0.168488487 -0.502477499 0.847690537)
(0.193413448 -0.192999 -0.961728853)
(0.180882844 -0.180789875 -0.555461838)
(0.200057178 -0.199878165 -0.2)
(0.200057178 -0.199878165 0.2)
(0.180954305 -0.180716317 0.555459223)
(0.19317781 -0.193234271 0.961727813)
(0.193413448 0.192999 -0.961728853)
(0.180882843 0.180788463 -0.555459295)
(0.200057178 0.199878165 -0.2)
(0.200057178 0.199878165 0.2)
(0.180954305 0.180716317 0.555459223)
(0.19317781 0.193234271 0.961727813)
(0.16514096 0.503699576 -0.847788472)
(0.228323977 0.686612817 -0.689089048)
(0.180848886 0.5549639 -0.180824591)
(0.180782718 0.5549608 0.180822787)
(0.2285539 0.687319982 0.688203773)
(0.168488487 0.502477499 0.847690537)
(0.172969942 0.845775747 -0.503925787)
(0.191994947 0.961438163 -0.192098253)
(0.19335385 0.961368221 0.192136979)
(0.167598074 0.84667324 0.503837239)
(0.45347692 -0.76509744 -0.455563018)
(0.503852638 -0.845716732 -0.172959061)
(0.509262244 -0.842445098 0.172956369)
(0.461732962 -0.7601197 0.45555537)
(0.456972494 -0.451657977 -0.76596499)
(0.57743971 -0.576405951 -0.576827272)
(0.689589131 -0.686269553 -0.227594505)
(0.686512113 -0.689354512 0.227595749)
(0.576641817 -0.577198345 0.576824482)
(0.451892404 -0.456729736 0.765964991)
(0.502665499 -0.168293029 -0.847611118)
(0.687473398 -0.228347204 -0.688118024)
(0.555158641 -0.180604322 -0.180812732)
(0.555163395 -0.180672072 0.180814597)
(0.686767706 -0.228117759 0.689003244)
(0.503890696 -0.164944658 0.84771304)
(0.502665499 0.168293029 -0.847611118)
(0.687473398 0.228347204 -0.688118024)
(0.555158641 0.180604322 -0.180812732)
(0.555163395 0.180672072 0.180814597)
(0.686767706 0.228117759 0.689003244)
(0.503890696 0.164944658 0.84771304)
(0.456972494 0.451657977 -0.76596499)
(0.57743971 0.576405951 -0.576827272)
(0.689589131 0.686269553 -0.227594505)
(0.686512113 0.689354512 0.227595749)
(0.576641817 0.577198345 0.576824482)
(0.451892404 0.456729736 0.765964991)
(0.45347692 0.76509744 -0.455563018)
(0.503852638 0.845716732 -0.172959061)
(0.509262244 0.842445098 0.172956369)
(0.461732962 0.7601197 0.45555537)
(0.760323475 -0.461439704 -0.455498287)
(0.84262565 -0.508955577 -0.172936074)
(0.845910103 -0.503548383 0.172940594)
(0.765311507 -0.453185601 0.455511066)
(0.846791035 -0.167380702 -0.503723552)
(0.961418142 -0.19313105 -0.192085579)
(0.961497391 -0.191765126 0.192048443)
(0.845886516 -0.172757873 0.503808471)
(0.846791035 0.167380702 -0.503723552)
(0.961418142 0.19313105 -0.192085579)
(0.961497391 0.191765126 0.192048443)
(0.845886516 0.172757873 0.503808471)
(0.760323475 0.461439704 -0.455498287)
(0.84262565 0.508955577 -0.172936074)
(0.845910103 0.503548383 0.172940594)
(0.765311507 0.453185601 0.455511066)
(-0.76028032 -0.46158398 -0.455647405)
(-0.842632423 -0.50912999 -0.172989791)
(-0.845907826 -0.503727673 0.172993547)
(-0.765261011 -0.45333395 0.455657971)
(-0.846785798 -0.167440965 -0.50390192)
(-0.961495036 -0.193196115 -0.192158865)
(-0.961570597 -0.191839227 0.192121216)
(-0.845884104 -0.172810788 0.503987848)
(-0.846785798 0.167440965 -0.50390192)
(-0.961495036 0.193196115 -0.192158865)
(-0.961570597 0.191839227 0.192121216)
(-0.845884104 0.172810788 0.503987848)
(-0.76028032 0.46158398 -0.455647405)
(-0.842632423 0.50912999 -0.172989791)
(-0.845907826 0.503727673 0.172993547)
(-0.765261011 0.45333395 0.455657971)
(-0.394005377 -0.807830738 -0.438371147)
(-0.503684393 -0.845934058 -0.172998163)
(-0.509084911 -0.842657699 0.172994146)
(-0.461536025 -0.760300611 0.455659655)
(-0.408309946 -0.422817326 -0.809016994)
(-0.577294003 -0.576562029 -0.576983367)
(-0.689507557 -0.686481525 -0.227656446)
(-0.686420879 -0.689566218 0.227656136)
(-0.576503057 -0.577354349 0.576984065)
(-0.451791415 -0.456921716 0.766044443)
(-0.502499036 -0.168336329 -0.847828543)
(-0.687385731 -0.228409658 -0.688329422)
(-0.68667757 -0.228179563 0.689214732)
(-0.503722212 -0.164990667 0.847928884)
(-0.502499036 0.168336329 -0.847828543)
(-0.687385731 0.228409658 -0.688329422)
(-0.68667757 0.228179563 0.689214732)
(-0.503722212 0.164990667 0.847928884)
(-0.456861022 0.451850027 -0.766044443)
(-0.577294003 0.576562029 -0.576983367)
(-0.689507557 0.686481525 -0.227656446)
(-0.686420879 0.689566218 0.227656136)
(-0.576503057 0.577354349 0.576984065)
(-0.451791415 0.456921716 0.766044443)
(-0.453287438 0.765282071 -0.455670954)
(-0.503684393 0.845934058 -0.172998163)
(-0.509084911 0.842657699 0.172994146)
(-0.461536025 0.760300611 0.455659655)
(-0.172694055 -0.845898899 -0.503997102)
(-0.191724839 -0.9615939 -0.192126071)
(-0.193080228 -0.961514631 0.19216292)
(-0.167325363 -0.846803393 0.503912999)
(-0.164869706 -0.503777435 -0.847921826)
(-0.22805707 -0.686727544 -0.689204799)
(-0.22828711 -0.687435534 0.688319495)
(-0.168215082 -0.502552842 0.84781935)
(-0.193139267 -0.193023414 -0.961875121)
(-0.192904197 -0.193258729 0.961875814)
(-0.193139267 0.193023414 -0.961875121)
(-0.192904197 0.193258729 0.961875814)
(-0.164869706 0.503777435 -0.847921826)
(-0.22805707 0.686727544 -0.689204799)
(-0.22828711 0.687435534 0.688319495)
(-0.168215082 0.502552842 0.84781935)
(-0.172694055 0.845898899 -0.503997102)
(-0.191724839 0.9615939 -0.192126071)
(-0.193080228 0.961514631 0.19216292)
(-0.167325363 0.846803393 0.503912999)
(0.172985888 -0.845861911 -0.503973968)
(0.192010811 -0.961535643 -0.192113935)
(0.193369945 -0.961465643 0.192152784)
(0.167614368 -0.846759406 0.5038853)
(0.165157231 -0.503747679 -0.847874619)
(0.228340806 -0.686682552 -0.689158717)
(0.228570589 -0.687389751 0.688273442)
(0.168504596 -0.502525633 0.847776697)
(0.193429156 -0.193014648 -0.961826364)
(0.193193474 -0.193249963 0.961825324)
(0.193429156 0.193014648 -0.961826364)
(0.193193474 0.193249963 0.961825324)
(0.165157231 0.503747679 -0.847874619)
(0.228340806 0.686682552 -0.689158717)
(0.228570589 0.687389751 0.688273442)
(0.168504596 0.502525633 0.847776697)
(0.172985888 0.845861911 -0.503973968)
(0.192010811 0.961535643 -0.192113935)
(0.193369945 0.961465643 0.192152784)
(0.167614368 0.846759406 0.5038853)
(0.453519996 -0.765176773 -0.455606038)
(0.503900791 -0.845802898 -0.172975084)
(0.509310302 -0.842531321 0.172972371)
(0.461775803 -0.760199153 0.455598404)
(0.457015406 -0.45170094 -0.766044443)
(0.577497324 -0.576463619 -0.576885195)
(0.68965873 -0.686339394 -0.227611184)
(0.686581979 -0.689424086 0.227612427)
(0.576699505 -0.577255938 0.576882405)
(0.451935386 -0.456772629 0.766044443)
(0.502713649 -0.16830912 -0.847697273)
(0.687543181 -0.228363875 -0.688187684)
(0.686837455 -0.228134571 0.689072904)
(0.503938815 -0.164960912 0.847799182)
(0.502713649 0.16830912 -0.847697273)
(0.687543181 0.228363875 -0.688187684)
(0.686837455 0.228134571 0.689072904)
(0.503938815 0.164960912 0.847799182)
(0.457015406 0.45170094 -0.766044443)
(0.577497324 0.576463619 -0.576885195)
(0.68965873 0.686339394 -0.227611184)
(0.686581979 0.689424086 0.227612427)
(0.576699505 0.577255938 0.576882405)
(0.451935386 0.456772629 0.766044443)
(0.453519996 0.765176773 -0.455606038)
(0.503900791 0.845802898 -0.172975084)
(0.509310302 0.842531321 0.172972371)
(0.461775803 0.760199153 0.455598404)
(0.760402944 -0.461482522 -0.455541315)
(0.842711886 -0.509003612 -0.172952075)
(0.845996282 -0.503596513 0.172956614)
(0.765390855 -0.453228653 0.455554083)
(0.84687721 -0.167396978 -0.503771604)
(0.961515568 -0.193147127 -0.19210138)
(0.961594875 -0.19178097 0.19206412)
(0.845972688 -0.1727738 0.503856645)
(0.84687721 0.167396978 -0.503771604)
(0.961515568 0.193147127 -0.19210138)
(0.961594875 0.19178097 0.19206412)
(0.845972688 0.1727738 0.503856645)
(0.760402944 0.461482522 -0.455541315)
(0.842711886 0.509003612 -0.172952075)
(0.845996282 0.503596513 0.172956614)
(0.765390855 0.453228653 0.455554083)
)

// ************************************************************************* //
