/*--------------------------------*- C++ -*----------------------------------*\
  =========                 |
  \\      /  F ield         | OpenFOAM: The Open Source CFD Toolbox
   \\    /   O peration     |
    \\  /    A nd           | Version: 13
     \\/     M anipulation  |
\*---------------------------------------------------------------------------*/
FoamFile
{
    version     2.0;
    format      ascii;
    class       vectorField;
    location    "constant/polyMesh";
    object      points;
}
// * * * * * * * * * * * * * * * * * * * * * * * * * * * * * * * * * * * * //
320
(
(0 0 0)
(0.00039530138019472361 -0.0035118951927870512 0)
(0.00039530138019472361 0.0035118951927870512 0)
(0.0015805804869160056 -0.0069622071459889412 0)
(0.0015805804869160056 0.0069622071459889412 0)
(0.0035539630334824324 -0.010348501615226269 0)
(0.0035539630334824324 0.010348501615226269 0)
(0.0063123288564383984 -0.013667677529156208 0)
(0.0063123288564383984 0.013667677529156208 0)
(0.0098513169214129448 -0.016916001215577126 0)
(0.0098513169214129448 0.016916001215577126 0)
(0.014165329746901989 -0.020089153200387955 0)
(0.014165329746901989 0.020089153200387955 0)
(0.019247548654675484 -0.023182287812232971 0)
(0.019247548654675484 0.023182287812232971 0)
(0.025089934468269348 -0.026190094649791718 0)
(0.025089934468269348 0.026190094649791718 0)
(0.031683251261711121 -0.029106887057423592 0)
(0.031683251261711121 0.029106887057423592 0)
(0.039017073810100555 -0.031926680356264114 0)
(0.039017073810100555 0.031926680356264114 0)
(0.047079801559448242 -0.034643277525901794 0)
(0.047079801559448242 0.034643277525901794 0)
(0.055858694016933441 -0.037250380963087082 0)
(0.055858694016933441 0.037250380963087082 0)
(0.065339863300323486 -0.039741676300764084 0)
(0.065339863300323486 0.039741676300764084 0)
(0.075508318841457367 -0.042110931128263474 0)
(0.075508318841457367 0.042110931128263474 0)
(0.086347982287406921 -0.044352103024721146 0)
(0.086347982287406921 0.044352103024721146 0)
(0.097841717302799225 -0.046459425240755081 0)
(0.097841717302799225 0.046459425240755081 0)
(0.10997134447097778 -0.04842749610543251 0)
(0.10997134447097778 0.04842749610543251 0)
(0.12271769344806671 -0.050251372158527374 0)
(0.12271769344806671 0.050251372158527374 0)
(0.13606059551239014 -0.051926635205745697 0)
(0.13606059551239014 0.051926635205745697 0)
(0.14997896552085876 -0.053449459373950958 0)
(0.14997896552085876 0.053449459373950958 0)
(0.16445077955722809 -0.054816685616970062 0)
(0.16445077955722809 0.054816685616970062 0)
(0.17945317924022675 -0.05602584034204483 0)
(0.17945317924022675 0.05602584034204483 0)
(0.19496242702007294 -0.057075202465057373 0)
(0.19496242702007294 0.057075202465057373 0)
(0.21095399558544159 -0.05796380341053009 0)
(0.21095399558544159 0.05796380341053009 0)
(0.22740261256694794 -0.058691456913948059 0)
(0.22740261256694794 0.058691456913948059 0)
(0.24428226053714752 -0.059258747845888138 0)
(0.24428226053714752 0.059258747845888138 0)
(0.26156625151634216 -0.059667035937309265 0)
(0.26156625151634216 0.059667035937309265 0)
(0.27922725677490234 -0.05991842970252037 0)
(0.27922725677490234 0.05991842970252037 0)
(0.2972373366355896 -0.06001574918627739 0)
(0.2972373366355896 0.06001574918627739 0)
(0.31556802988052368 -0.05996251106262207 0)
(0.31556802988052368 0.05996251106262207 0)
(0.33419036865234375 -0.059762850403785706 0)
(0.33419036865234375 0.059762850403785706 0)
(0.35307484865188599 -0.059421498328447342 0)
(0.35307484865188599 0.059421498328447342 0)
(0.37219169735908508 -0.058943707495927811 0)
(0.37219169735908508 0.058943707495927811 0)
(0.39151060581207275 -0.058335199952125549 0)
(0.39151060581207275 0.058335199952125549 0)
(0.411001056432724 -0.057602096349000931 0)
(0.411001056432724 0.057602096349000931 0)
(0.43063223361968994 -0.056750860065221786 0)
(0.43063223361968994 0.056750860065221786 0)
(0.45037311315536499 -0.055788226425647736 0)
(0.45037311315536499 0.055788226425647736 0)
(0.47019243240356445 -0.05472114309668541 0)
(0.47019243240356445 0.05472114309668541 0)
(0.49005889892578125 -0.053556717932224274 0)
(0.49005889892578125 0.053556717932224274 0)
(0.5 0 0)
(0.50994110107421875 -0.052302155643701553 0)
(0.50994110107421875 0.052302155643701553 0)
(0.52980756759643555 -0.050964698195457458 0)
(0.52980756759643555 0.050964698195457458 0)
(0.54962688684463501 -0.049551606178283691 0)
(0.54962688684463501 0.049551606178283691 0)
(0.56936776638031006 -0.048070088028907776 0)
(0.56936776638031006 0.048070088028907776 0)
(0.58899897336959839 -0.046527296304702759 0)
(0.58899897336959839 0.046527296304702759 0)
(0.60848939418792725 -0.04493027925491333 0)
(0.60848939418792725 0.04493027925491333 0)
(0.6278083324432373 -0.043285969644784927 0)
(0.6278083324432373 0.043285969644784927 0)
(0.64692515134811401 -0.041601166129112244 0)
(0.64692515134811401 0.041601166129112244 0)
(0.66580963134765625 -0.039882540702819824 0)
(0.66580963134765625 0.039882540702819824 0)
(0.68443197011947632 -0.038136612623929977 0)
(0.68443197011947632 0.038136612623929977 0)
(0.7027626633644104 -0.036369763314723969 0)
(0.7027626633644104 0.036369763314723969 0)
(0.72077274322509766 -0.034588251262903214 0)
(0.72077274322509766 0.034588251262903214 0)
(0.73843377828598022 -0.032798197120428085 0)
(0.73843377828598022 0.032798197120428085 0)
(0.75571775436401367 -0.031005624681711197 0)
(0.75571775436401367 0.031005624681711197 0)
(0.77259737253189087 -0.029216445982456207 0)
(0.77259737253189087 0.029216445982456207 0)
(0.78904598951339722 -0.027436491101980209 0)
(0.78904598951339722 0.027436491101980209 0)
(0.80503755807876587 -0.025671517476439476 0)
(0.80503755807876587 0.025671517476439476 0)
(0.82054680585861206 -0.023927217349410057 0)
(0.82054680585861206 0.023927217349410057 0)
(0.83554923534393311 -0.022209232673048973 0)
(0.83554923534393311 0.022209232673048973 0)
(0.85002106428146362 -0.020523155108094215 0)
(0.85002106428146362 0.020523155108094215 0)
(0.86393940448760986 -0.018874529749155045 0)
(0.86393940448760986 0.018874529749155045 0)
(0.87728232145309448 -0.01726885698735714 0)
(0.87728232145309448 0.01726885698735714 0)
(0.89002865552902222 -0.015711585059762001 0)
(0.89002865552902222 0.015711585059762001 0)
(0.90215826034545898 -0.014208096079528332 0)
(0.90215826034545898 0.014208096079528332 0)
(0.91365200281143188 -0.012763700447976589 0)
(0.91365200281143188 0.012763700447976589 0)
(0.92449170351028442 -0.011383607052266598 0)
(0.92449170351028442 0.011383607052266598 0)
(0.93466013669967651 -0.010072908364236355 0)
(0.93466013669967651 0.010072908364236355 0)
(0.94414132833480835 -0.0088365506380796432 0)
(0.94414132833480835 0.0088365506380796432 0)
(0.95292019844055176 -0.0076793036423623562 0)
(0.95292019844055176 0.0076793036423623562 0)
(0.96098291873931885 -0.0066057317890226841 0)
(0.96098291873931885 0.0066057317890226841 0)
(0.96831673383712769 -0.0056201564148068428 0)
(0.96831673383712769 0.0056201564148068428 0)
(0.97491008043289185 -0.0047266231849789619 0)
(0.97491008043289185 0.0047266231849789619 0)
(0.98075246810913086 -0.0039288662374019623 0)
(0.98075246810913086 0.0039288662374019623 0)
(0.98583465814590454 -0.0032302760519087315 0)
(0.98583465814590454 0.0032302760519087315 0)
(0.99014866352081299 -0.0026338645257055759 0)
(0.99014866352081299 0.0026338645257055759 0)
(0.99368768930435181 -0.0021422363352030516 0)
(0.99368768930435181 0.0021422363352030516 0)
(0.99644601345062256 -0.0017575619276612997 0)
(0.99644601345062256 0.0017575619276612997 0)
(0.99841940402984619 -0.0014815544709563255 0)
(0.99841940402984619 0.0014815544709563255 0)
(0.99960470199584961 -0.0013154511107131839 0)
(0.99960470199584961 0.0013154511107131839 0)
(1 -0.0012600000482052565 0)
(1 0.0012600000482052565 0)
(0 0 0.10000000149011612)
(0.00039530138019472361 -0.0035118951927870512 0.10000000149011612)
(0.00039530138019472361 0.0035118951927870512 0.10000000149011612)
(0.0015805804869160056 -0.0069622071459889412 0.10000000149011612)
(0.0015805804869160056 0.0069622071459889412 0.10000000149011612)
(0.0035539630334824324 -0.010348501615226269 0.10000000149011612)
(0.0035539630334824324 0.010348501615226269 0.10000000149011612)
(0.0063123288564383984 -0.013667677529156208 0.10000000149011612)
(0.0063123288564383984 0.013667677529156208 0.10000000149011612)
(0.0098513169214129448 -0.016916001215577126 0.10000000149011612)
(0.0098513169214129448 0.016916001215577126 0.10000000149011612)
(0.014165329746901989 -0.020089153200387955 0.10000000149011612)
(0.014165329746901989 0.020089153200387955 0.10000000149011612)
(0.019247548654675484 -0.023182287812232971 0.10000000149011612)
(0.019247548654675484 0.023182287812232971 0.10000000149011612)
(0.025089934468269348 -0.026190094649791718 0.10000000149011612)
(0.025089934468269348 0.026190094649791718 0.10000000149011612)
(0.031683251261711121 -0.029106887057423592 0.10000000149011612)
(0.031683251261711121 0.029106887057423592 0.10000000149011612)
(0.039017073810100555 -0.031926680356264114 0.10000000149011612)
(0.039017073810100555 0.031926680356264114 0.10000000149011612)
(0.047079801559448242 -0.034643277525901794 0.10000000149011612)
(0.047079801559448242 0.034643277525901794 0.10000000149011612)
(0.055858694016933441 -0.037250380963087082 0.10000000149011612)
(0.055858694016933441 0.037250380963087082 0.10000000149011612)
(0.065339863300323486 -0.039741676300764084 0.10000000149011612)
(0.065339863300323486 0.039741676300764084 0.10000000149011612)
(0.075508318841457367 -0.042110931128263474 0.10000000149011612)
(0.075508318841457367 0.042110931128263474 0.10000000149011612)
(0.086347982287406921 -0.044352103024721146 0.10000000149011612)
(0.086347982287406921 0.044352103024721146 0.10000000149011612)
(0.097841717302799225 -0.046459425240755081 0.10000000149011612)
(0.097841717302799225 0.046459425240755081 0.10000000149011612)
(0.10997134447097778 -0.04842749610543251 0.10000000149011612)
(0.10997134447097778 0.04842749610543251 0.10000000149011612)
(0.12271769344806671 -0.050251372158527374 0.10000000149011612)
(0.12271769344806671 0.050251372158527374 0.10000000149011612)
(0.13606059551239014 -0.051926635205745697 0.10000000149011612)
(0.13606059551239014 0.051926635205745697 0.10000000149011612)
(0.14997896552085876 -0.053449459373950958 0.10000000149011612)
(0.14997896552085876 0.053449459373950958 0.10000000149011612)
(0.16445077955722809 -0.054816685616970062 0.10000000149011612)
(0.16445077955722809 0.054816685616970062 0.10000000149011612)
(0.17945317924022675 -0.05602584034204483 0.10000000149011612)
(0.17945317924022675 0.05602584034204483 0.10000000149011612)
(0.19496242702007294 -0.057075202465057373 0.10000000149011612)
(0.19496242702007294 0.057075202465057373 0.10000000149011612)
(0.21095399558544159 -0.05796380341053009 0.10000000149011612)
(0.21095399558544159 0.05796380341053009 0.10000000149011612)
(0.22740261256694794 -0.058691456913948059 0.10000000149011612)
(0.22740261256694794 0.058691456913948059 0.10000000149011612)
(0.24428226053714752 -0.059258747845888138 0.10000000149011612)
(0.24428226053714752 0.059258747845888138 0.10000000149011612)
(0.26156625151634216 -0.059667035937309265 0.10000000149011612)
(0.26156625151634216 0.059667035937309265 0.10000000149011612)
(0.27922725677490234 -0.05991842970252037 0.10000000149011612)
(0.27922725677490234 0.05991842970252037 0.10000000149011612)
(0.2972373366355896 -0.06001574918627739 0.10000000149011612)
(0.2972373366355896 0.06001574918627739 0.10000000149011612)
(0.31556802988052368 -0.05996251106262207 0.10000000149011612)
(0.31556802988052368 0.05996251106262207 0.10000000149011612)
(0.33419036865234375 -0.059762850403785706 0.10000000149011612)
(0.33419036865234375 0.059762850403785706 0.10000000149011612)
(0.35307484865188599 -0.059421498328447342 0.10000000149011612)
(0.35307484865188599 0.059421498328447342 0.10000000149011612)
(0.37219169735908508 -0.058943707495927811 0.10000000149011612)
(0.37219169735908508 0.058943707495927811 0.10000000149011612)
(0.39151060581207275 -0.058335199952125549 0.10000000149011612)
(0.39151060581207275 0.058335199952125549 0.10000000149011612)
(0.411001056432724 -0.057602096349000931 0.10000000149011612)
(0.411001056432724 0.057602096349000931 0.10000000149011612)
(0.43063223361968994 -0.056750860065221786 0.10000000149011612)
(0.43063223361968994 0.056750860065221786 0.10000000149011612)
(0.45037311315536499 -0.055788226425647736 0.10000000149011612)
(0.45037311315536499 0.055788226425647736 0.10000000149011612)
(0.47019243240356445 -0.05472114309668541 0.10000000149011612)
(0.47019243240356445 0.05472114309668541 0.10000000149011612)
(0.49005889892578125 -0.053556717932224274 0.10000000149011612)
(0.49005889892578125 0.053556717932224274 0.10000000149011612)
(0.5 0 0.10000000149011612)
(0.50994110107421875 -0.052302155643701553 0.10000000149011612)
(0.50994110107421875 0.052302155643701553 0.10000000149011612)
(0.52980756759643555 -0.050964698195457458 0.10000000149011612)
(0.52980756759643555 0.050964698195457458 0.10000000149011612)
(0.54962688684463501 -0.049551606178283691 0.10000000149011612)
(0.54962688684463501 0.049551606178283691 0.10000000149011612)
(0.56936776638031006 -0.048070088028907776 0.10000000149011612)
(0.56936776638031006 0.048070088028907776 0.10000000149011612)
(0.58899897336959839 -0.046527296304702759 0.10000000149011612)
(0.58899897336959839 0.046527296304702759 0.10000000149011612)
(0.60848939418792725 -0.04493027925491333 0.10000000149011612)
(0.60848939418792725 0.04493027925491333 0.10000000149011612)
(0.6278083324432373 -0.043285969644784927 0.10000000149011612)
(0.6278083324432373 0.043285969644784927 0.10000000149011612)
(0.64692515134811401 -0.041601166129112244 0.10000000149011612)
(0.64692515134811401 0.041601166129112244 0.10000000149011612)
(0.66580963134765625 -0.039882540702819824 0.10000000149011612)
(0.66580963134765625 0.039882540702819824 0.10000000149011612)
(0.68443197011947632 -0.038136612623929977 0.10000000149011612)
(0.68443197011947632 0.038136612623929977 0.10000000149011612)
(0.7027626633644104 -0.036369763314723969 0.10000000149011612)
(0.7027626633644104 0.036369763314723969 0.10000000149011612)
(0.72077274322509766 -0.034588251262903214 0.10000000149011612)
(0.72077274322509766 0.034588251262903214 0.10000000149011612)
(0.73843377828598022 -0.032798197120428085 0.10000000149011612)
(0.73843377828598022 0.032798197120428085 0.10000000149011612)
(0.75571775436401367 -0.031005624681711197 0.10000000149011612)
(0.75571775436401367 0.031005624681711197 0.10000000149011612)
(0.77259737253189087 -0.029216445982456207 0.10000000149011612)
(0.77259737253189087 0.029216445982456207 0.10000000149011612)
(0.78904598951339722 -0.027436491101980209 0.10000000149011612)
(0.78904598951339722 0.027436491101980209 0.10000000149011612)
(0.80503755807876587 -0.025671517476439476 0.10000000149011612)
(0.80503755807876587 0.025671517476439476 0.10000000149011612)
(0.82054680585861206 -0.023927217349410057 0.10000000149011612)
(0.82054680585861206 0.023927217349410057 0.10000000149011612)
(0.83554923534393311 -0.022209232673048973 0.10000000149011612)
(0.83554923534393311 0.022209232673048973 0.10000000149011612)
(0.85002106428146362 -0.020523155108094215 0.10000000149011612)
(0.85002106428146362 0.020523155108094215 0.10000000149011612)
(0.86393940448760986 -0.018874529749155045 0.10000000149011612)
(0.86393940448760986 0.018874529749155045 0.10000000149011612)
(0.87728232145309448 -0.01726885698735714 0.10000000149011612)
(0.87728232145309448 0.01726885698735714 0.10000000149011612)
(0.89002865552902222 -0.015711585059762001 0.10000000149011612)
(0.89002865552902222 0.015711585059762001 0.10000000149011612)
(0.90215826034545898 -0.014208096079528332 0.10000000149011612)
(0.90215826034545898 0.014208096079528332 0.10000000149011612)
(0.91365200281143188 -0.012763700447976589 0.10000000149011612)
(0.91365200281143188 0.012763700447976589 0.10000000149011612)
(0.92449170351028442 -0.011383607052266598 0.10000000149011612)
(0.92449170351028442 0.011383607052266598 0.10000000149011612)
(0.93466013669967651 -0.010072908364236355 0.10000000149011612)
(0.93466013669967651 0.010072908364236355 0.10000000149011612)
(0.94414132833480835 -0.0088365506380796432 0.10000000149011612)
(0.94414132833480835 0.0088365506380796432 0.10000000149011612)
(0.95292019844055176 -0.0076793036423623562 0.10000000149011612)
(0.95292019844055176 0.0076793036423623562 0.10000000149011612)
(0.96098291873931885 -0.0066057317890226841 0.10000000149011612)
(0.96098291873931885 0.0066057317890226841 0.10000000149011612)
(0.96831673383712769 -0.0056201564148068428 0.10000000149011612)
(0.96831673383712769 0.0056201564148068428 0.10000000149011612)
(0.97491008043289185 -0.0047266231849789619 0.10000000149011612)
(0.97491008043289185 0.0047266231849789619 0.10000000149011612)
(0.98075246810913086 -0.0039288662374019623 0.10000000149011612)
(0.98075246810913086 0.0039288662374019623 0.10000000149011612)
(0.98583465814590454 -0.0032302760519087315 0.10000000149011612)
(0.98583465814590454 0.0032302760519087315 0.10000000149011612)
(0.99014866352081299 -0.0026338645257055759 0.10000000149011612)
(0.99014866352081299 0.0026338645257055759 0.10000000149011612)
(0.99368768930435181 -0.0021422363352030516 0.10000000149011612)
(0.99368768930435181 0.0021422363352030516 0.10000000149011612)
(0.99644601345062256 -0.0017575619276612997 0.10000000149011612)
(0.99644601345062256 0.0017575619276612997 0.10000000149011612)
(0.99841940402984619 -0.0014815544709563255 0.10000000149011612)
(0.99841940402984619 0.0014815544709563255 0.10000000149011612)
(0.99960470199584961 -0.0013154511107131839 0.10000000149011612)
(0.99960470199584961 0.0013154511107131839 0.10000000149011612)
(1 -0.0012600000482052565 0.10000000149011612)
(1 0.0012600000482052565 0.10000000149011612)
)

// ************************************************************************* //
