/*--------------------------------*- C++ -*----------------------------------*\
  =========                 |
  \\      /  F ield         | OpenFOAM: The Open Source CFD Toolbox
   \\    /   O peration     |
    \\  /    A nd           | Version: 13
     \\/     M anipulation  |
\*---------------------------------------------------------------------------*/
FoamFile
{
    version     2.0;
    format      ascii;
    class       labelList;
    location    "constant/polyMesh";
    object      neighbour;
}
// * * * * * * * * * * * * * * * * * * * * * * * * * * * * * * * * * * * * //
592
(
1
19
2
3
411
377
377
5
6
8
10
7
149
8
151
9
12
11
12
388
406
387
406
45
406
386
409
385
409
378
409
410
410
427
360
410
23
24
25
25
27
77
392
26
393
79
31
380
30
379
31
387
388
33
34
405
35
36
35
37
412
404
44
39
40
380
41
43
42
380
413
413
413
46
47
48
407
394
394
403
415
395
415
402
415
55
417
56
417
115
417
418
418
60
418
59
60
64
419
63
399
61
399
64
65
64
66
67
67
357
356
69
358
373
70
374
359
74
390
73
74
393
391
392
78
81
77
78
80
78
79
82
421
421
84
421
86
89
86
87
90
88
89
92
420
423
178
423
423
94
96
99
95
98
97
248
97
249
101
100
102
101
405
404
105
106
137
105
106
108
107
141
112
111
110
113
210
111
112
114
114
212
424
119
424
121
424
119
403
120
121
402
123
125
124
398
358
399
358
127
128
386
129
130
131
386
133
133
135
133
134
135
145
147
138
139
144
138
140
141
140
142
144
146
144
145
146
147
149
150
153
150
151
152
154
155
426
426
157
160
396
158
397
159
160
161
216
217
163
165
168
164
167
166
203
166
367
170
429
308
429
429
173
313
173
174
175
311
175
177
176
182
180
181
180
181
182
181
422
192
431
369
431
370
431
188
189
390
188
401
391
400
197
454
192
193
430
194
195
196
196
199
202
198
200
201
202
200
202
432
205
368
205
368
384
206
383
208
209
210
213
211
214
211
212
214
218
215
216
217
218
220
366
221
238
236
365
371
433
372
433
228
433
293
435
229
435
230
435
438
438
438
237
374
235
238
234
237
235
372
371
237
238
373
240
241
242
243
263
245
243
244
265
247
440
274
440
440
249
251
252
251
253
258
253
259
255
258
256
257
267
271
259
259
261
263
264
268
263
264
265
270
267
268
269
271
270
270
273
275
276
277
280
276
281
277
439
279
281
396
280
397
283
284
285
285
287
286
289
291
289
290
400
291
401
364
442
442
363
442
376
443
333
443
375
443
300
301
302
300
381
451
304
381
303
305
304
384
383
307
357
366
445
354
445
355
445
312
313
314
315
314
316
317
320
319
319
320
370
369
322
363
323
361
324
364
362
326
328
329
327
331
376
376
330
331
361
332
362
334
337
335
338
336
339
337
444
344
340
341
343
342
447
343
345
344
448
448
449
389
448
349
351
355
350
352
355
353
450
450
355
357
365
359
426
362
364
366
368
370
372
374
376
378
408
380
382
453
384
386
388
450
391
393
395
414
397
399
401
403
405
407
409
411
413
415
417
425
419
421
423
425
427
429
446
431
452
434
437
436
441
438
440
442
444
446
448
450
452
453
454
454
)

// ************************************************************************* //
