/*--------------------------------*- C++ -*----------------------------------*\
  =========                 |
  \\      /  F ield         | OpenFOAM: The Open Source CFD Toolbox
   \\    /   O peration     |
    \\  /    A nd           | Version: 13
     \\/     M anipulation  |
\*---------------------------------------------------------------------------*/
FoamFile
{
    version     2.0;
    format      ascii;
    class       faceList;
    location    "constant/polyMesh";
    object      faces;
}
// * * * * * * * * * * * * * * * * * * * * * * * * * * * * * * * * * * * * //
684
(
4(1 22 28 5)
4(4 5 28 27)
4(21 27 28 22)
4(0 4 27 21)
4(0 21 22 1)
4(0 1 5 4)
4(2 23 29 6)
4(5 6 29 28)
4(22 28 29 23)
4(1 22 23 2)
4(1 2 6 5)
4(6 7 30 29)
4(23 29 30 24)
4(3 24 30 7)
4(2 23 24 3)
4(2 3 7 6)
4(5 28 34 9)
4(8 9 34 33)
4(27 33 34 28)
4(4 8 33 27)
4(4 5 9 8)
4(6 29 35 10)
4(9 10 35 34)
4(28 34 35 29)
4(5 6 10 9)
4(10 11 36 35)
4(29 35 36 30)
4(7 30 36 11)
4(6 7 11 10)
4(9 34 40 13)
4(33 39 40 34)
4(8 12 39 33)
4(12 13 40 39)
4(8 9 13 12)
4(10 35 41 14)
4(34 40 41 35)
4(13 14 41 40)
4(9 10 14 13)
4(35 41 42 36)
4(11 36 42 15)
4(14 15 42 41)
4(10 11 15 14)
4(17 49 54 22)
4(21 22 54 53)
4(48 53 54 49)
4(16 21 53 48)
4(16 48 49 17)
4(16 17 22 21)
4(18 50 55 23)
4(22 23 55 54)
4(49 54 55 50)
4(17 49 50 18)
4(17 18 23 22)
4(23 24 56 55)
4(50 55 56 51)
4(19 51 56 24)
4(18 50 51 19)
4(18 19 24 23)
4(21 53 59 27)
4(26 27 59 58)
4(52 58 59 53)
4(20 26 58 52)
4(20 52 53 21)
4(20 21 27 26)
4(22 54 60 28)
4(27 28 60 59)
4(53 59 60 54)
4(23 55 61 29)
4(28 29 61 60)
4(54 60 61 55)
4(24 56 62 30)
4(29 30 62 61)
4(55 61 62 56)
4(30 31 63 62)
4(56 62 63 57)
4(25 57 63 31)
4(24 56 57 25)
4(24 25 31 30)
4(27 59 65 33)
4(32 33 65 64)
4(58 64 65 59)
4(26 32 64 58)
4(26 27 33 32)
4(28 60 66 34)
4(33 34 66 65)
4(59 65 66 60)
4(29 61 67 35)
4(34 35 67 66)
4(60 66 67 61)
4(30 62 68 36)
4(35 36 68 67)
4(61 67 68 62)
4(36 37 69 68)
4(62 68 69 63)
4(31 63 69 37)
4(30 31 37 36)
4(33 65 71 39)
4(64 70 71 65)
4(32 38 70 64)
4(38 39 71 70)
4(32 33 39 38)
4(34 66 72 40)
4(39 40 72 71)
4(65 71 72 66)
4(35 67 73 41)
4(40 41 73 72)
4(66 72 73 67)
4(36 68 74 42)
4(41 42 74 73)
4(67 73 74 68)
4(68 74 75 69)
4(37 69 75 43)
4(42 43 75 74)
4(36 37 43 42)
4(40 72 77 45)
4(71 76 77 72)
4(39 44 76 71)
4(44 45 77 76)
4(39 40 45 44)
4(41 73 78 46)
4(72 77 78 73)
4(45 46 78 77)
4(40 41 46 45)
4(73 78 79 74)
4(42 74 79 47)
4(46 47 79 78)
4(41 42 47 46)
4(49 81 86 54)
4(53 54 86 85)
4(80 85 86 81)
4(48 53 85 80)
4(48 80 81 49)
4(50 82 87 55)
4(54 55 87 86)
4(81 86 87 82)
4(49 81 82 50)
4(55 56 88 87)
4(82 87 88 83)
4(51 83 88 56)
4(50 82 83 51)
4(53 85 91 59)
4(58 59 91 90)
4(84 90 91 85)
4(52 58 90 84)
4(52 84 85 53)
4(54 86 92 60)
4(59 60 92 91)
4(85 91 92 86)
4(55 87 93 61)
4(60 61 93 92)
4(86 92 93 87)
4(56 88 94 62)
4(61 62 94 93)
4(87 93 94 88)
4(62 63 95 94)
4(88 94 95 89)
4(57 89 95 63)
4(56 88 89 57)
4(59 91 97 65)
4(64 65 97 96)
4(90 96 97 91)
4(58 64 96 90)
4(60 92 98 66)
4(65 66 98 97)
4(91 97 98 92)
4(61 93 99 67)
4(66 67 99 98)
4(92 98 99 93)
4(62 94 100 68)
4(67 68 100 99)
4(93 99 100 94)
4(68 69 101 100)
4(94 100 101 95)
4(63 95 101 69)
4(65 97 103 71)
4(96 102 103 97)
4(64 70 102 96)
4(70 71 103 102)
4(66 98 104 72)
4(71 72 104 103)
4(97 103 104 98)
4(67 99 105 73)
4(72 73 105 104)
4(98 104 105 99)
4(68 100 106 74)
4(73 74 106 105)
4(99 105 106 100)
4(100 106 107 101)
4(69 101 107 75)
4(74 75 107 106)
4(72 104 109 77)
4(103 108 109 104)
4(71 76 108 103)
4(76 77 109 108)
4(73 105 110 78)
4(104 109 110 105)
4(77 78 110 109)
4(105 110 111 106)
4(74 106 111 79)
4(78 79 111 110)
4(81 113 118 86)
4(85 86 118 117)
4(80 85 117 112)
4(80 112 113 81)
4(112 117 118 113)
4(82 114 119 87)
4(86 87 119 118)
4(81 113 114 82)
4(113 118 119 114)
4(87 88 120 119)
4(83 115 120 88)
4(82 114 115 83)
4(114 119 120 115)
4(85 117 123 91)
4(90 91 123 122)
4(84 90 122 116)
4(84 116 117 85)
4(116 122 123 117)
4(86 118 124 92)
4(91 92 124 123)
4(117 123 124 118)
4(87 119 125 93)
4(92 93 125 124)
4(118 124 125 119)
4(88 120 126 94)
4(93 94 126 125)
4(119 125 126 120)
4(94 95 127 126)
4(89 121 127 95)
4(88 120 121 89)
4(120 126 127 121)
4(91 123 129 97)
4(96 97 129 128)
4(90 96 128 122)
4(122 128 129 123)
4(92 124 130 98)
4(97 98 130 129)
4(123 129 130 124)
4(93 125 131 99)
4(98 99 131 130)
4(124 130 131 125)
4(94 126 132 100)
4(99 100 132 131)
4(125 131 132 126)
4(100 101 133 132)
4(95 127 133 101)
4(126 132 133 127)
4(97 129 135 103)
4(96 102 134 128)
4(102 103 135 134)
4(128 134 135 129)
4(98 130 136 104)
4(103 104 136 135)
4(129 135 136 130)
4(99 131 137 105)
4(104 105 137 136)
4(130 136 137 131)
4(100 132 138 106)
4(105 106 138 137)
4(131 137 138 132)
4(101 133 139 107)
4(106 107 139 138)
4(132 138 139 133)
4(104 136 141 109)
4(103 108 140 135)
4(108 109 141 140)
4(135 140 141 136)
4(105 137 142 110)
4(109 110 142 141)
4(136 141 142 137)
4(106 138 143 111)
4(110 111 143 142)
4(137 142 143 138)
4(118 145 149 124)
4(123 124 149 148)
4(117 123 148 144)
4(117 144 145 118)
4(144 148 149 145)
4(119 146 150 125)
4(124 125 150 149)
4(118 145 146 119)
4(145 149 150 146)
4(125 126 151 150)
4(120 147 151 126)
4(119 146 147 120)
4(146 150 151 147)
4(124 149 153 130)
4(129 130 153 152)
4(123 129 152 148)
4(148 152 153 149)
4(125 150 154 131)
4(130 131 154 153)
4(149 153 154 150)
4(131 132 155 154)
4(126 151 155 132)
4(150 154 155 151)
4(130 153 157 136)
4(129 135 156 152)
4(135 136 157 156)
4(152 156 157 153)
4(131 154 158 137)
4(136 137 158 157)
4(153 157 158 154)
4(132 155 159 138)
4(137 138 159 158)
4(154 158 159 155)
4(0 160 181 21)
4(0 4 164 160)
4(4 27 187 164)
4(21 181 187 27)
4(0 160 161 1)
4(1 161 182 22)
4(21 22 182 181)
4(1 5 165 161)
4(4 164 165 5)
4(1 161 162 2)
4(2 162 183 23)
4(22 23 183 182)
4(2 6 166 162)
4(5 165 166 6)
4(3 24 184 163)
4(3 163 167 7)
4(7 167 188 30)
4(24 30 188 184)
4(2 162 163 3)
4(23 24 184 183)
4(6 166 167 7)
4(4 8 168 164)
4(8 33 191 168)
4(27 187 191 33)
4(5 9 169 165)
4(8 168 169 9)
4(6 10 170 166)
4(9 169 170 10)
4(7 167 171 11)
4(11 171 192 36)
4(30 36 192 188)
4(10 170 171 11)
4(12 39 195 172)
4(8 12 172 168)
4(33 191 195 39)
4(12 13 173 172)
4(13 40 196 173)
4(39 195 196 40)
4(9 13 173 169)
4(13 14 174 173)
4(14 41 197 174)
4(40 196 197 41)
4(10 14 174 170)
4(15 175 198 42)
4(11 171 175 15)
4(36 42 198 192)
4(14 15 175 174)
4(41 197 198 42)
4(16 176 204 48)
4(16 21 181 176)
4(21 53 209 181)
4(48 204 209 53)
4(16 176 177 17)
4(17 177 205 49)
4(48 49 205 204)
4(17 22 182 177)
4(17 177 178 18)
4(18 178 206 50)
4(49 50 206 205)
4(18 23 183 178)
4(19 51 207 179)
4(19 179 184 24)
4(24 184 210 56)
4(51 56 210 207)
4(18 178 179 19)
4(50 51 207 206)
4(20 180 208 52)
4(20 26 186 180)
4(26 58 212 186)
4(52 208 212 58)
4(20 180 181 21)
4(52 53 209 208)
4(26 186 187 27)
4(25 57 211 185)
4(25 185 189 31)
4(31 189 213 63)
4(57 63 213 211)
4(24 184 185 25)
4(56 57 211 210)
4(30 188 189 31)
4(26 32 190 186)
4(32 64 214 190)
4(58 212 214 64)
4(32 190 191 33)
4(31 189 193 37)
4(37 193 215 69)
4(63 69 215 213)
4(36 192 193 37)
4(38 70 216 194)
4(32 38 194 190)
4(64 214 216 70)
4(38 39 195 194)
4(39 71 217 195)
4(70 216 217 71)
4(43 199 219 75)
4(37 193 199 43)
4(69 75 219 215)
4(42 43 199 198)
4(42 198 218 74)
4(74 218 219 75)
4(44 76 220 200)
4(39 44 200 195)
4(71 217 220 76)
4(44 45 201 200)
4(45 77 221 201)
4(76 220 221 77)
4(40 45 201 196)
4(45 46 202 201)
4(46 78 222 202)
4(77 221 222 78)
4(41 46 202 197)
4(47 203 223 79)
4(42 198 203 47)
4(74 79 223 218)
4(46 47 203 202)
4(78 222 223 79)
4(48 204 224 80)
4(53 85 229 209)
4(80 224 229 85)
4(49 205 225 81)
4(80 81 225 224)
4(50 206 226 82)
4(81 82 226 225)
4(51 83 227 207)
4(56 210 230 88)
4(83 88 230 227)
4(82 83 227 226)
4(52 208 228 84)
4(58 90 232 212)
4(84 228 232 90)
4(84 85 229 228)
4(57 89 231 211)
4(63 213 233 95)
4(89 95 233 231)
4(88 89 231 230)
4(64 96 234 214)
4(90 232 234 96)
4(69 215 235 101)
4(95 101 235 233)
4(70 102 236 216)
4(96 234 236 102)
4(71 103 237 217)
4(102 236 237 103)
4(75 219 239 107)
4(101 107 239 235)
4(74 218 238 106)
4(106 238 239 107)
4(76 108 240 220)
4(103 237 240 108)
4(77 109 241 221)
4(108 240 241 109)
4(78 110 242 222)
4(109 241 242 110)
4(79 223 243 111)
4(106 111 243 238)
4(110 242 243 111)
4(80 224 244 112)
4(112 244 249 117)
4(85 117 249 229)
4(112 113 245 244)
4(81 225 245 113)
4(113 245 250 118)
4(117 118 250 249)
4(113 114 246 245)
4(82 226 246 114)
4(114 246 251 119)
4(118 119 251 250)
4(83 115 247 227)
4(115 120 252 247)
4(88 230 252 120)
4(114 115 247 246)
4(119 120 252 251)
4(84 228 248 116)
4(116 248 254 122)
4(90 122 254 232)
4(116 117 249 248)
4(122 123 255 254)
4(117 249 255 123)
4(89 121 253 231)
4(121 127 257 253)
4(95 233 257 127)
4(120 121 253 252)
4(126 127 257 256)
4(120 126 256 252)
4(122 254 258 128)
4(96 128 258 234)
4(128 129 259 258)
4(123 255 259 129)
4(127 133 261 257)
4(101 235 261 133)
4(132 133 261 260)
4(126 132 260 256)
4(102 134 262 236)
4(128 258 262 134)
4(134 262 263 135)
4(103 135 263 237)
4(129 259 263 135)
4(107 239 267 139)
4(133 139 267 261)
4(138 266 267 139)
4(106 238 266 138)
4(132 138 266 260)
4(108 140 268 240)
4(135 263 268 140)
4(140 268 269 141)
4(109 141 269 241)
4(136 264 269 141)
4(135 263 264 136)
4(141 269 270 142)
4(110 142 270 242)
4(137 265 270 142)
4(136 264 265 137)
4(111 243 271 143)
4(138 143 271 266)
4(142 270 271 143)
4(137 265 266 138)
4(117 249 272 144)
4(144 272 276 148)
4(123 148 276 255)
4(144 145 273 272)
4(118 250 273 145)
4(145 273 277 149)
4(148 149 277 276)
4(145 146 274 273)
4(119 251 274 146)
4(146 274 278 150)
4(149 150 278 277)
4(120 147 275 252)
4(147 151 279 275)
4(126 256 279 151)
4(146 147 275 274)
4(150 151 279 278)
4(148 276 280 152)
4(129 152 280 259)
4(149 277 281 153)
4(152 153 281 280)
4(150 278 282 154)
4(153 154 282 281)
4(151 155 283 279)
4(132 260 283 155)
4(154 155 283 282)
4(135 156 284 263)
4(152 280 284 156)
4(156 284 285 157)
4(136 157 285 264)
4(153 281 285 157)
4(157 285 286 158)
4(137 158 286 265)
4(154 282 286 158)
4(138 266 287 159)
4(155 159 287 283)
4(158 286 287 159)
4(160 164 187 181)
4(160 181 182 161)
4(160 161 165 164)
4(161 182 183 162)
4(161 162 166 165)
4(163 184 188 167)
4(162 183 184 163)
4(162 163 167 166)
4(164 168 191 187)
4(164 165 169 168)
4(165 166 170 169)
4(167 188 192 171)
4(166 167 171 170)
4(168 172 195 191)
4(172 173 196 195)
4(168 169 173 172)
4(173 174 197 196)
4(169 170 174 173)
4(171 192 198 175)
4(174 175 198 197)
4(170 171 175 174)
4(176 181 209 204)
4(176 204 205 177)
4(176 177 182 181)
4(177 205 206 178)
4(177 178 183 182)
4(179 207 210 184)
4(178 206 207 179)
4(178 179 184 183)
4(180 186 212 208)
4(180 208 209 181)
4(180 181 187 186)
4(185 211 213 189)
4(184 210 211 185)
4(184 185 189 188)
4(186 190 214 212)
4(186 187 191 190)
4(189 213 215 193)
4(188 189 193 192)
4(190 194 216 214)
4(194 195 217 216)
4(190 191 195 194)
4(193 215 219 199)
4(198 199 219 218)
4(192 193 199 198)
4(195 200 220 217)
4(200 201 221 220)
4(195 196 201 200)
4(201 202 222 221)
4(196 197 202 201)
4(198 218 223 203)
4(202 203 223 222)
4(197 198 203 202)
4(204 209 229 224)
4(204 224 225 205)
4(205 225 226 206)
4(207 227 230 210)
4(206 226 227 207)
4(208 212 232 228)
4(208 228 229 209)
4(211 231 233 213)
4(210 230 231 211)
4(212 214 234 232)
4(213 233 235 215)
4(214 216 236 234)
4(216 217 237 236)
4(215 235 239 219)
4(218 219 239 238)
4(217 220 240 237)
4(220 221 241 240)
4(221 222 242 241)
4(218 238 243 223)
4(222 223 243 242)
4(224 229 249 244)
4(224 244 245 225)
4(244 249 250 245)
4(225 245 246 226)
4(245 250 251 246)
4(227 247 252 230)
4(226 246 247 227)
4(246 251 252 247)
4(228 232 254 248)
4(228 248 249 229)
4(248 254 255 249)
4(231 253 257 233)
4(230 252 253 231)
4(252 256 257 253)
4(232 234 258 254)
4(254 258 259 255)
4(233 257 261 235)
4(256 260 261 257)
4(234 236 262 258)
4(236 237 263 262)
4(258 262 263 259)
4(235 261 267 239)
4(238 239 267 266)
4(260 266 267 261)
4(237 240 268 263)
4(240 241 269 268)
4(263 268 269 264)
4(241 242 270 269)
4(264 269 270 265)
4(238 266 271 243)
4(242 243 271 270)
4(265 270 271 266)
4(249 255 276 272)
4(249 272 273 250)
4(272 276 277 273)
4(250 273 274 251)
4(273 277 278 274)
4(252 275 279 256)
4(251 274 275 252)
4(274 278 279 275)
4(255 259 280 276)
4(276 280 281 277)
4(277 281 282 278)
4(256 279 283 260)
4(278 282 283 279)
4(259 263 284 280)
4(263 264 285 284)
4(280 284 285 281)
4(264 265 286 285)
4(281 285 286 282)
4(260 283 287 266)
4(265 266 287 286)
4(282 286 287 283)
)

// ************************************************************************* //
