/*--------------------------------*- C++ -*----------------------------------*\
  =========                 |
  \\      /  F ield         | OpenFOAM: The Open Source CFD Toolbox
   \\    /   O peration     |
    \\  /    A nd           | Version: 13
     \\/     M anipulation  |
\*---------------------------------------------------------------------------*/
FoamFile
{
    version     2.0;
    format      ascii;
    class       labelList;
    location    "constant/polyMesh";
    object      neighbour;
}
// * * * * * * * * * * * * * * * * * * * * * * * * * * * * * * * * * * * * //
558
(
1
3
13
81
82
83
2
4
14
84
85
5
15
86
87
88
4
6
18
89
90
5
7
19
91
8
20
92
93
7
23
94
95
96
8
24
97
98
25
99
100
101
10
13
30
102
103
104
11
14
31
105
106
15
32
107
108
109
13
17
33
110
111
112
14
18
34
15
19
35
16
20
36
21
37
113
114
115
18
22
38
116
117
19
23
39
20
24
40
21
25
41
26
42
118
119
23
43
120
121
122
24
27
44
25
28
45
26
29
46
47
123
124
125
28
48
126
127
128
29
49
129
130
50
131
132
133
31
34
51
134
135
32
35
52
136
36
53
137
138
34
38
54
139
140
35
39
55
36
40
56
37
41
57
42
58
141
142
39
43
59
143
40
44
60
41
45
61
42
46
62
47
63
144
44
64
145
146
45
48
65
46
49
66
47
50
67
68
147
148
49
69
149
150
50
70
151
71
152
153
52
55
154
155
156
53
56
157
158
57
159
160
161
55
59
162
163
164
56
60
72
57
61
73
58
62
74
63
165
166
167
60
64
168
169
61
65
75
62
66
76
63
67
77
68
170
171
65
172
173
174
66
69
78
67
70
79
68
71
80
175
176
177
70
178
179
180
71
181
182
183
184
185
73
75
186
187
188
74
76
189
190
77
191
192
193
76
78
194
195
77
79
196
80
197
198
79
199
200
201
80
202
203
204
205
206
82
83
89
112
83
84
104
85
90
85
87
106
88
91
87
88
92
115
88
109
93
90
94
117
91
96
93
98
93
99
119
101
95
96
122
96
97
128
98
98
100
130
101
100
101
125
101
133
103
104
111
134
104
105
135
106
106
108
136
109
108
109
114
137
109
138
111
112
116
139
112
140
117
114
115
118
141
115
142
119
117
120
143
122
119
123
144
125
121
122
145
122
126
146
124
125
147
125
131
148
127
128
149
128
129
150
130
130
132
151
133
132
133
152
133
153
135
140
154
136
155
138
157
138
142
159
160
140
143
162
163
142
144
165
166
145
168
147
170
146
172
149
173
148
175
152
176
150
178
151
179
153
181
153
183
184
155
156
163
156
157
158
187
158
160
161
189
160
161
166
161
192
163
164
168
164
169
186
166
167
170
167
171
191
169
172
174
194
171
175
177
197
173
174
174
178
199
176
177
177
183
204
179
180
180
181
182
200
182
184
185
202
184
185
185
205
187
188
194
188
189
190
195
190
192
193
196
192
193
197
193
198
195
199
196
201
198
203
198
204
206
200
201
201
202
203
203
205
206
205
206
206
)

// ************************************************************************* //
