/*--------------------------------*- C++ -*----------------------------------*\
  =========                 |
  \\      /  F ield         | OpenFOAM: The Open Source CFD Toolbox
   \\    /   O peration     |
    \\  /    A nd           | Version: 13
     \\/     M anipulation  |
\*---------------------------------------------------------------------------*/
FoamFile
{
    version     2.0;
    format      ascii;
    class       labelList;
    location    "constant/polyMesh";
    object      neighbour;
}
// * * * * * * * * * * * * * * * * * * * * * * * * * * * * * * * * * * * * //
218
(
1
3
21
28
31
34
2
4
29
32
35
5
30
33
36
37
4
6
22
44
47
5
7
45
48
8
38
46
49
7
9
23
50
53
8
10
51
54
11
39
52
55
10
12
24
56
59
11
13
57
60
14
40
58
61
13
15
25
62
65
14
16
63
66
17
41
64
67
16
18
26
68
71
17
19
69
72
20
42
70
73
19
27
74
77
80
20
75
78
81
43
76
79
82
22
28
31
34
23
44
47
24
50
53
25
56
59
26
62
65
27
68
71
74
77
80
29
34
44
30
35
45
36
37
46
32
34
47
33
35
48
36
37
49
35
36
37
38
39
46
49
40
52
55
41
58
61
42
64
67
43
70
73
76
79
82
45
50
46
51
52
48
53
49
54
55
51
56
52
57
58
54
59
55
60
61
57
62
58
63
64
60
65
61
66
67
63
68
64
69
70
66
71
67
72
73
69
74
70
75
76
72
77
73
78
79
75
80
76
81
82
78
80
79
81
82
81
82
)

// ************************************************************************* //
