/*--------------------------------*- C++ -*----------------------------------*\
  =========                 |
  \\      /  F ield         | OpenFOAM: The Open Source CFD Toolbox
   \\    /   O peration     |
    \\  /    A nd           | Version: 13
     \\/     M anipulation  |
\*---------------------------------------------------------------------------*/
FoamFile
{
    version     2.0;
    format      ascii;
    class       faceList;
    location    "constant/polyMesh";
    object      faces;
}
// * * * * * * * * * * * * * * * * * * * * * * * * * * * * * * * * * * * * //
4814
(
4(94 159 415 350)
4(163 94 350 419)
4(94 162 418 350)
4(23 46 302 279)
4(43 23 279 299)
4(3 13 269 259)
4(0 7 263 256)
4(0 102 358 256)
4(104 0 256 360)
4(0 103 359 256)
4(4 8 264 260)
4(45 22 278 301)
4(22 42 298 278)
4(92 158 414 348)
4(158 96 352 414)
4(92 160 416 348)
4(14 20 276 270)
4(32 34 290 288)
4(78 70 326 334)
4(129 121 377 385)
4(194 156 412 450)
4(226 216 472 482)
4(244 230 486 500)
4(252 242 498 508)
4(255 248 504 511)
4(251 247 503 507)
4(241 235 491 497)
4(223 221 477 479)
4(177 185 441 433)
4(126 134 390 382)
4(61 99 355 317)
4(29 39 295 285)
4(11 25 281 267)
4(163 97 353 419)
4(94 166 422 350)
4(23 50 306 279)
4(3 23 279 259)
4(0 17 273 256)
4(106 0 256 362)
4(0 105 361 256)
4(4 18 274 260)
4(49 22 278 305)
4(158 93 349 414)
4(92 164 420 348)
4(22 44 300 278)
4(14 26 282 270)
4(32 36 292 288)
4(78 72 328 334)
4(129 117 373 385)
4(194 154 410 450)
4(226 214 470 482)
4(244 224 480 500)
4(252 232 488 508)
4(255 238 494 511)
4(251 237 493 507)
4(241 229 485 497)
4(223 219 475 479)
4(177 183 439 433)
4(126 138 394 382)
4(61 101 357 317)
4(29 41 297 285)
4(11 31 287 267)
4(43 27 283 299)
4(163 95 351 419)
4(94 170 426 350)
4(23 54 310 279)
4(9 23 279 265)
4(106 17 273 362)
4(0 107 363 256)
4(12 18 274 268)
4(49 12 268 305)
4(158 89 345 414)
4(92 168 424 348)
4(22 48 304 278)
4(24 26 282 280)
4(38 36 292 294)
4(98 72 328 354)
4(133 117 373 389)
4(184 154 410 440)
4(220 214 470 476)
4(234 224 480 490)
4(246 232 488 502)
4(249 238 494 505)
4(243 237 493 499)
4(231 229 485 487)
4(217 219 475 473)
4(157 183 439 413)
4(122 138 394 378)
4(71 101 357 327)
4(35 41 297 291)
4(21 31 287 277)
4(43 21 277 299)
4(163 91 347 419)
4(94 174 430 350)
4(23 58 314 279)
4(19 23 279 275)
4(106 19 275 362)
4(0 109 365 256)
4(49 18 274 305)
4(158 85 341 414)
4(92 172 428 348)
4(22 52 308 278)
4(30 26 282 286)
4(40 36 292 296)
4(100 72 328 356)
4(137 117 373 393)
4(182 154 410 438)
4(218 214 470 474)
4(228 224 480 484)
4(236 232 488 492)
4(239 238 494 495)
4(233 237 493 489)
4(225 229 485 481)
4(215 219 475 471)
4(155 183 439 411)
4(118 138 394 374)
4(73 101 357 329)
4(37 41 297 293)
4(43 31 287 299)
4(163 87 343 419)
4(94 180 436 350)
4(23 64 320 279)
4(106 23 279 362)
4(0 111 367 256)
4(49 16 272 305)
4(158 81 337 414)
4(92 178 434 348)
4(22 56 312 278)
4(30 22 278 286)
4(40 30 286 296)
4(100 40 296 356)
4(137 100 356 393)
4(182 137 393 438)
4(218 182 438 474)
4(228 218 474 484)
4(236 228 484 492)
4(239 236 492 495)
4(233 239 495 489)
4(225 233 489 481)
4(215 225 481 471)
4(155 215 471 411)
4(118 155 411 374)
4(73 118 374 329)
4(37 73 329 293)
4(43 37 293 299)
4(163 83 339 419)
4(94 188 444 350)
4(106 64 320 362)
4(0 113 369 256)
4(53 16 272 309)
4(158 75 331 414)
4(92 186 442 348)
4(22 62 318 278)
4(40 22 278 296)
4(137 40 296 393)
4(218 137 393 474)
4(236 218 474 492)
4(233 236 492 489)
4(215 233 489 471)
4(118 215 471 374)
4(37 118 374 293)
4(47 37 293 303)
4(163 77 333 419)
4(90 188 444 346)
4(106 68 324 362)
4(6 113 369 262)
4(57 16 272 313)
4(158 67 323 414)
4(88 186 442 344)
4(40 62 318 296)
4(218 40 296 474)
4(233 218 474 489)
4(118 233 489 374)
4(51 37 293 307)
4(163 69 325 419)
4(86 188 444 342)
4(106 76 332 362)
4(6 115 371 262)
4(63 16 272 319)
4(161 67 323 417)
4(84 186 442 340)
4(40 66 322 296)
4(37 233 489 293)
4(55 37 293 311)
4(167 69 325 423)
4(82 188 444 338)
4(106 82 338 362)
4(6 119 375 262)
4(67 16 272 323)
4(165 67 323 421)
4(80 186 442 336)
4(40 74 330 296)
4(59 37 293 315)
4(171 69 325 427)
4(108 82 338 364)
4(6 123 379 262)
4(165 16 272 421)
4(74 186 442 330)
4(218 74 330 474)
4(65 37 293 321)
4(175 69 325 431)
4(110 82 338 366)
4(16 123 379 272)
4(169 16 272 425)
4(218 186 442 474)
4(69 37 293 325)
4(181 69 325 437)
4(112 82 338 368)
4(169 123 379 425)
4(218 190 446 474)
4(181 37 293 437)
4(114 82 338 370)
4(169 127 383 425)
4(218 196 452 474)
4(189 37 293 445)
4(116 82 338 372)
4(169 131 387 425)
4(218 200 456 474)
4(193 37 293 449)
4(120 82 338 376)
4(169 135 391 425)
4(218 204 460 474)
4(193 233 489 449)
4(120 188 444 376)
4(169 139 395 425)
4(218 208 464 474)
4(199 233 489 455)
4(120 192 448 376)
4(169 141 397 425)
4(218 212 468 474)
4(203 233 489 459)
4(124 192 448 380)
4(169 143 399 425)
4(218 209 465 474)
4(207 233 489 463)
4(128 192 448 384)
4(169 145 401 425)
4(218 205 461 474)
4(211 233 489 467)
4(132 192 448 388)
4(169 147 403 425)
4(233 205 461 489)
4(213 233 489 469)
4(136 192 448 392)
4(169 149 405 425)
4(233 201 457 489)
4(210 233 489 466)
4(140 192 448 396)
4(169 151 407 425)
4(233 197 453 489)
4(206 233 489 462)
4(142 192 448 398)
4(169 153 409 425)
4(233 191 447 489)
4(202 233 489 458)
4(142 198 454 398)
4(169 152 408 425)
4(233 187 443 489)
4(198 233 489 454)
4(144 198 454 400)
4(169 150 406 425)
4(233 179 435 489)
4(144 233 489 400)
4(173 150 406 429)
4(233 173 429 489)
4(146 233 489 402)
4(173 148 404 429)
4(148 233 489 404)
3(159 94 163)
3(671 159 606)
3(159 94 606)
3(606 94 675)
3(94 163 675)
4(675 163 159 671)
3(419 350 415)
3(931 419 350)
3(931 350 862)
3(862 350 415)
3(862 415 927)
4(927 415 419 931)
3(159 162 94)
4(671 159 162 674)
4(674 162 94 606)
3(350 418 415)
4(862 350 418 930)
4(930 418 415 927)
3(43 46 23)
4(555 43 46 558)
3(558 46 535)
3(46 23 535)
3(535 23 43)
3(535 43 555)
3(279 302 299)
3(791 279 302)
3(791 302 814)
4(814 302 299 811)
3(811 299 791)
3(299 279 791)
3(5 13 3)
3(517 5 525)
3(5 13 525)
3(525 13 3)
3(525 3 515)
4(515 3 5 517)
3(259 269 261)
3(771 259 781)
3(259 269 781)
3(781 269 261)
3(781 261 773)
4(773 261 259 771)
3(1 7 0)
3(513 1 519)
3(1 7 519)
3(519 7 0)
3(519 0 512)
4(512 0 1 513)
3(256 263 257)
3(768 256 775)
3(256 263 775)
3(775 263 257)
3(775 257 769)
4(769 257 256 768)
3(102 0 104)
3(614 102 512)
3(102 0 512)
3(512 0 104)
3(512 104 616)
4(616 104 102 614)
3(360 256 358)
3(872 360 768)
3(360 256 768)
3(768 256 358)
3(768 358 870)
4(870 358 360 872)
3(102 103 0)
4(614 102 103 615)
3(615 103 512)
3(103 0 512)
3(256 359 358)
3(768 256 359)
3(768 359 871)
4(871 359 358 870)
3(2 8 4)
3(514 2 520)
3(2 8 520)
3(520 8 4)
3(520 4 516)
4(516 4 2 514)
3(260 264 258)
3(772 260 776)
3(260 264 776)
3(776 264 258)
3(776 258 770)
4(770 258 260 772)
3(42 22 45)
3(554 42 534)
3(42 22 534)
3(534 22 45)
3(534 45 557)
4(557 45 42 554)
3(301 278 298)
3(813 301 790)
3(301 278 790)
3(790 278 298)
3(790 298 810)
4(810 298 301 813)
3(92 96 158)
4(604 92 96 608)
3(670 158 604)
3(158 92 604)
3(414 352 348)
4(864 352 348 860)
3(860 348 414)
3(860 414 926)
3(158 160 92)
4(670 158 160 672)
4(672 160 92 604)
3(348 416 414)
4(860 348 416 928)
4(928 416 414 926)
3(10 20 14)
3(522 10 532)
3(10 20 532)
3(532 20 14)
3(532 14 526)
4(526 14 10 522)
3(270 276 266)
3(782 270 788)
3(270 276 788)
3(788 276 266)
3(788 266 778)
4(778 266 270 782)
3(28 34 32)
3(540 28 546)
3(28 34 546)
3(546 34 32)
3(546 32 544)
4(544 32 28 540)
3(288 290 284)
3(800 288 802)
3(288 290 802)
3(802 290 284)
3(802 284 796)
4(796 284 288 800)
3(60 70 78)
3(572 60 582)
3(60 70 582)
3(582 70 78)
3(582 78 590)
4(590 78 60 572)
3(334 326 316)
3(846 334 838)
3(334 326 838)
3(838 326 316)
3(838 316 828)
4(828 316 334 846)
3(125 121 129)
3(637 125 633)
3(125 121 633)
3(633 121 129)
3(633 129 641)
4(641 129 125 637)
3(385 377 381)
3(897 385 889)
3(385 377 889)
3(889 377 381)
3(889 381 893)
4(893 381 385 897)
3(176 156 194)
3(688 176 668)
3(176 156 668)
3(668 156 194)
3(668 194 706)
4(706 194 176 688)
3(450 412 432)
3(962 450 924)
3(450 412 924)
3(924 412 432)
3(924 432 944)
4(944 432 450 962)
3(222 216 226)
3(734 222 728)
3(222 216 728)
3(728 216 226)
3(728 226 738)
4(738 226 222 734)
3(482 472 478)
3(994 482 984)
3(482 472 984)
3(984 472 478)
3(984 478 990)
4(990 478 482 994)
3(240 230 244)
3(752 240 742)
3(240 230 742)
3(742 230 244)
3(742 244 756)
4(756 244 240 752)
3(500 486 496)
3(1012 500 998)
3(500 486 998)
3(998 486 496)
3(998 496 1008)
4(1008 496 500 1012)
3(250 242 252)
3(762 250 754)
3(250 242 754)
3(754 242 252)
3(754 252 764)
4(764 252 250 762)
3(508 498 506)
3(1020 508 1010)
3(508 498 1010)
3(1010 498 506)
3(1010 506 1018)
4(1018 506 508 1020)
3(254 248 255)
3(766 254 760)
3(254 248 760)
3(760 248 255)
3(760 255 767)
4(767 255 254 766)
3(511 504 510)
3(1023 511 1016)
3(511 504 1016)
3(1016 504 510)
3(1016 510 1022)
4(1022 510 511 1023)
3(253 247 251)
3(765 253 759)
3(253 247 759)
3(759 247 251)
3(759 251 763)
4(763 251 253 765)
3(507 503 509)
3(1019 507 1015)
3(507 503 1015)
3(1015 503 509)
3(1015 509 1021)
4(1021 509 507 1019)
3(245 235 241)
3(757 245 747)
3(245 235 747)
3(747 235 241)
3(747 241 753)
4(753 241 245 757)
3(497 491 501)
3(1009 497 1003)
3(497 491 1003)
3(1003 491 501)
3(1003 501 1013)
4(1013 501 497 1009)
3(227 221 223)
3(739 227 733)
3(227 221 733)
3(733 221 223)
3(733 223 735)
4(735 223 227 739)
3(479 477 483)
3(991 479 989)
3(479 477 989)
3(989 477 483)
3(989 483 995)
4(995 483 479 991)
3(195 185 177)
3(707 195 697)
3(195 185 697)
3(697 185 177)
3(697 177 689)
4(689 177 195 707)
3(433 441 451)
3(945 433 953)
3(433 441 953)
3(953 441 451)
3(953 451 963)
4(963 451 433 945)
3(130 134 126)
3(642 130 646)
3(130 134 646)
3(646 134 126)
3(646 126 638)
4(638 126 130 642)
3(382 390 386)
3(894 382 902)
3(382 390 902)
3(902 390 386)
3(902 386 898)
4(898 386 382 894)
3(79 99 61)
3(591 79 611)
3(79 99 611)
3(611 99 61)
3(611 61 573)
4(573 61 79 591)
3(317 355 335)
3(829 317 867)
3(317 355 867)
3(867 355 335)
3(867 335 847)
4(847 335 317 829)
3(33 39 29)
3(545 33 551)
3(33 39 551)
3(551 39 29)
3(551 29 541)
4(541 29 33 545)
3(285 295 289)
3(797 285 807)
3(285 295 807)
3(807 295 289)
3(807 289 801)
4(801 289 285 797)
3(15 25 11)
3(527 15 537)
3(15 25 537)
3(537 25 11)
3(537 11 523)
4(523 11 15 527)
3(267 281 271)
3(779 267 793)
3(267 281 793)
3(793 281 271)
3(793 271 783)
4(783 271 267 779)
3(94 97 163)
4(606 94 97 609)
3(609 97 675)
3(97 163 675)
3(419 353 350)
3(931 419 353)
3(931 353 865)
4(865 353 350 862)
3(162 166 94)
4(674 162 166 678)
3(678 166 94)
3(678 94 606)
3(350 422 418)
3(862 350 934)
3(350 422 934)
4(934 422 418 930)
3(46 50 23)
4(558 46 50 562)
3(562 50 535)
3(50 23 535)
3(279 306 302)
3(791 279 306)
3(791 306 818)
4(818 306 302 814)
3(13 23 3)
3(525 13 535)
3(13 23 535)
3(535 23 3)
3(535 3 515)
3(259 279 269)
3(771 259 791)
3(259 279 791)
3(791 279 269)
3(791 269 781)
3(7 17 0)
3(519 7 529)
3(7 17 529)
3(529 17 0)
3(529 0 512)
3(256 273 263)
3(768 256 785)
3(256 273 785)
3(785 273 263)
3(785 263 775)
3(104 0 106)
3(512 0 618)
3(0 106 618)
4(618 106 104 616)
3(362 256 360)
3(874 362 256)
3(874 256 768)
4(872 360 362 874)
3(103 105 0)
4(615 103 105 617)
3(617 105 512)
3(105 0 512)
3(256 361 359)
3(768 256 361)
3(768 361 873)
4(873 361 359 871)
3(8 18 4)
3(520 8 530)
3(8 18 530)
3(530 18 4)
3(530 4 516)
3(260 274 264)
3(772 260 786)
3(260 274 786)
3(786 274 264)
3(786 264 776)
3(45 22 49)
3(534 22 49)
3(534 49 561)
4(561 49 45 557)
3(305 278 301)
3(817 305 790)
3(305 278 790)
4(813 301 305 817)
3(96 93 158)
4(608 96 93 605)
3(605 93 158)
3(605 158 670)
3(414 349 352)
3(926 414 861)
3(414 349 861)
4(861 349 352 864)
3(160 164 92)
4(672 160 164 676)
3(676 164 92)
3(676 92 604)
3(348 420 416)
3(860 348 932)
3(348 420 932)
4(932 420 416 928)
3(42 44 22)
4(554 42 44 556)
3(556 44 534)
3(44 22 534)
3(278 300 298)
3(790 278 300)
3(790 300 812)
4(812 300 298 810)
3(20 26 14)
3(532 20 538)
3(20 26 538)
3(538 26 14)
3(538 14 526)
3(270 282 276)
3(782 270 794)
3(270 282 794)
3(794 282 276)
3(794 276 788)
3(34 36 32)
3(546 34 548)
3(34 36 548)
3(548 36 32)
3(548 32 544)
3(288 292 290)
3(800 288 804)
3(288 292 804)
3(804 292 290)
3(804 290 802)
3(70 72 78)
3(582 70 584)
3(70 72 584)
3(584 72 78)
3(584 78 590)
3(334 328 326)
3(846 334 840)
3(334 328 840)
3(840 328 326)
3(840 326 838)
3(121 117 129)
3(633 121 629)
3(121 117 629)
3(629 117 129)
3(629 129 641)
3(385 373 377)
3(897 385 885)
3(385 373 885)
3(885 373 377)
3(885 377 889)
3(156 154 194)
3(668 156 666)
3(156 154 666)
3(666 154 194)
3(666 194 706)
3(450 410 412)
3(962 450 922)
3(450 410 922)
3(922 410 412)
3(922 412 924)
3(216 214 226)
3(728 216 726)
3(216 214 726)
3(726 214 226)
3(726 226 738)
3(482 470 472)
3(994 482 982)
3(482 470 982)
3(982 470 472)
3(982 472 984)
3(230 224 244)
3(742 230 736)
3(230 224 736)
3(736 224 244)
3(736 244 756)
3(500 480 486)
3(1012 500 992)
3(500 480 992)
3(992 480 486)
3(992 486 998)
3(242 232 252)
3(754 242 744)
3(242 232 744)
3(744 232 252)
3(744 252 764)
3(508 488 498)
3(1020 508 1000)
3(508 488 1000)
3(1000 488 498)
3(1000 498 1010)
3(248 238 255)
3(760 248 750)
3(248 238 750)
3(750 238 255)
3(750 255 767)
3(511 494 504)
3(1023 511 1006)
3(511 494 1006)
3(1006 494 504)
3(1006 504 1016)
3(247 237 251)
3(759 247 749)
3(247 237 749)
3(749 237 251)
3(749 251 763)
3(507 493 503)
3(1019 507 1005)
3(507 493 1005)
3(1005 493 503)
3(1005 503 1015)
3(235 229 241)
3(747 235 741)
3(235 229 741)
3(741 229 241)
3(741 241 753)
3(497 485 491)
3(1009 497 997)
3(497 485 997)
3(997 485 491)
3(997 491 1003)
3(221 219 223)
3(733 221 731)
3(221 219 731)
3(731 219 223)
3(731 223 735)
3(479 475 477)
3(991 479 987)
3(479 475 987)
3(987 475 477)
3(987 477 989)
3(185 183 177)
3(697 185 695)
3(185 183 695)
3(695 183 177)
3(695 177 689)
3(433 439 441)
3(945 433 951)
3(433 439 951)
3(951 439 441)
3(951 441 953)
3(134 138 126)
3(646 134 650)
3(134 138 650)
3(650 138 126)
3(650 126 638)
3(382 394 390)
3(894 382 906)
3(382 394 906)
3(906 394 390)
3(906 390 902)
3(99 101 61)
3(611 99 613)
3(99 101 613)
3(613 101 61)
3(613 61 573)
3(317 357 355)
3(829 317 869)
3(317 357 869)
3(869 357 355)
3(869 355 867)
3(39 41 29)
3(551 39 553)
3(39 41 553)
3(553 41 29)
3(553 29 541)
3(285 297 295)
3(797 285 809)
3(285 297 809)
3(809 297 295)
3(809 295 807)
3(25 31 11)
3(537 25 543)
3(25 31 543)
3(543 31 11)
3(543 11 523)
3(267 287 281)
3(779 267 799)
3(267 287 799)
3(799 287 281)
3(799 281 793)
3(23 27 43)
4(535 23 27 539)
3(539 27 43)
3(539 43 555)
3(299 283 279)
3(811 299 795)
3(299 283 795)
4(795 283 279 791)
3(97 95 163)
4(609 97 95 607)
4(607 95 163 675)
3(419 351 353)
4(931 419 351 863)
4(863 351 353 865)
3(166 170 94)
4(678 166 170 682)
3(682 170 94)
3(682 94 606)
3(350 426 422)
3(862 350 938)
3(350 426 938)
4(938 426 422 934)
3(50 54 23)
4(562 50 54 566)
3(566 54 535)
3(54 23 535)
3(279 310 306)
3(791 279 310)
3(791 310 822)
4(822 310 306 818)
3(3 23 9)
3(535 23 9)
3(535 9 521)
3(521 9 3)
3(521 3 515)
3(265 279 259)
3(777 265 791)
3(265 279 791)
3(771 259 777)
3(259 265 777)
3(0 17 106)
3(529 17 106)
3(529 106 618)
3(362 273 256)
3(874 362 785)
3(362 273 785)
3(105 107 0)
4(617 105 107 619)
3(619 107 512)
3(107 0 512)
3(256 363 361)
3(768 256 363)
3(768 363 875)
4(875 363 361 873)
3(4 18 12)
3(530 18 12)
3(530 12 524)
3(524 12 4)
3(524 4 516)
3(268 274 260)
3(780 268 786)
3(268 274 786)
3(772 260 780)
3(260 268 780)
3(22 12 49)
3(534 22 12)
3(534 12 524)
3(524 12 49)
3(524 49 561)
3(305 268 278)
3(817 305 780)
3(305 268 780)
3(780 268 790)
3(268 278 790)
3(93 89 158)
4(605 93 89 601)
3(601 89 158)
3(601 158 670)
3(414 345 349)
3(926 414 857)
3(414 345 857)
4(857 345 349 861)
3(164 168 92)
4(676 164 168 680)
3(680 168 92)
3(680 92 604)
3(348 424 420)
3(860 348 936)
3(348 424 936)
4(936 424 420 932)
3(44 48 22)
4(556 44 48 560)
3(560 48 534)
3(48 22 534)
3(278 304 300)
3(790 278 304)
3(790 304 816)
4(816 304 300 812)
3(14 26 24)
3(538 26 24)
3(538 24 536)
3(536 24 14)
3(536 14 526)
3(280 282 270)
3(792 280 794)
3(280 282 794)
3(782 270 792)
3(270 280 792)
3(32 36 38)
3(548 36 38)
3(548 38 550)
3(550 38 32)
3(550 32 544)
3(294 292 288)
3(806 294 804)
3(294 292 804)
3(800 288 806)
3(288 294 806)
3(78 72 98)
3(584 72 98)
3(584 98 610)
3(610 98 78)
3(610 78 590)
3(354 328 334)
3(866 354 840)
3(354 328 840)
3(846 334 866)
3(334 354 866)
3(129 117 133)
3(629 117 133)
3(629 133 645)
3(645 133 129)
3(645 129 641)
3(389 373 385)
3(901 389 885)
3(389 373 885)
3(897 385 901)
3(385 389 901)
3(194 154 184)
3(666 154 184)
3(666 184 696)
3(696 184 194)
3(696 194 706)
3(440 410 450)
3(952 440 922)
3(440 410 922)
3(962 450 952)
3(450 440 952)
3(226 214 220)
3(726 214 220)
3(726 220 732)
3(732 220 226)
3(732 226 738)
3(476 470 482)
3(988 476 982)
3(476 470 982)
3(994 482 988)
3(482 476 988)
3(244 224 234)
3(736 224 234)
3(736 234 746)
3(746 234 244)
3(746 244 756)
3(490 480 500)
3(1002 490 992)
3(490 480 992)
3(1012 500 1002)
3(500 490 1002)
3(252 232 246)
3(744 232 246)
3(744 246 758)
3(758 246 252)
3(758 252 764)
3(502 488 508)
3(1014 502 1000)
3(502 488 1000)
3(1020 508 1014)
3(508 502 1014)
3(255 238 249)
3(750 238 249)
3(750 249 761)
3(761 249 255)
3(761 255 767)
3(505 494 511)
3(1017 505 1006)
3(505 494 1006)
3(1023 511 1017)
3(511 505 1017)
3(251 237 243)
3(749 237 243)
3(749 243 755)
3(755 243 251)
3(755 251 763)
3(499 493 507)
3(1011 499 1005)
3(499 493 1005)
3(1019 507 1011)
3(507 499 1011)
3(241 229 231)
3(741 229 231)
3(741 231 743)
3(743 231 241)
3(743 241 753)
3(487 485 497)
3(999 487 997)
3(487 485 997)
3(1009 497 999)
3(497 487 999)
3(223 219 217)
3(731 219 217)
3(731 217 729)
3(729 217 223)
3(729 223 735)
3(473 475 479)
3(985 473 987)
3(473 475 987)
3(991 479 985)
3(479 473 985)
3(177 183 157)
3(695 183 157)
3(695 157 669)
3(669 157 177)
3(669 177 689)
3(413 439 433)
3(925 413 951)
3(413 439 951)
3(945 433 925)
3(433 413 925)
3(126 138 122)
3(650 138 122)
3(650 122 634)
3(634 122 126)
3(634 126 638)
3(378 394 382)
3(890 378 906)
3(378 394 906)
3(894 382 890)
3(382 378 890)
3(61 101 71)
3(613 101 71)
3(613 71 583)
3(583 71 61)
3(583 61 573)
3(327 357 317)
3(839 327 869)
3(327 357 869)
3(829 317 839)
3(317 327 839)
3(29 41 35)
3(553 41 35)
3(553 35 547)
3(547 35 29)
3(547 29 541)
3(291 297 285)
3(803 291 809)
3(291 297 809)
3(797 285 803)
3(285 291 803)
3(11 31 21)
3(543 31 21)
3(543 21 533)
3(533 21 11)
3(533 11 523)
3(277 287 267)
3(789 277 799)
3(277 287 799)
3(779 267 789)
3(267 277 789)
3(27 21 43)
3(539 27 21)
3(539 21 533)
3(533 21 43)
3(533 43 555)
3(299 277 283)
3(811 299 789)
3(299 277 789)
3(789 277 795)
3(277 283 795)
3(95 91 163)
4(607 95 91 603)
3(603 91 163)
3(603 163 675)
3(419 347 351)
3(931 419 859)
3(419 347 859)
4(859 347 351 863)
3(170 174 94)
4(682 170 174 686)
3(686 174 94)
3(686 94 606)
3(350 430 426)
3(862 350 942)
3(350 430 942)
4(942 430 426 938)
3(54 58 23)
4(566 54 58 570)
3(570 58 23)
3(570 23 535)
3(279 314 310)
3(791 279 826)
3(279 314 826)
4(826 314 310 822)
3(9 23 19)
4(535 23 19 531)
3(531 19 9)
3(531 9 521)
3(275 279 265)
4(787 275 279 791)
3(777 265 787)
3(265 275 787)
3(17 19 106)
4(529 17 19 531)
3(531 19 106)
3(531 106 618)
3(362 275 273)
3(874 362 787)
3(362 275 787)
4(787 275 273 785)
3(107 109 0)
4(619 107 109 621)
3(621 109 0)
3(621 0 512)
3(256 365 363)
3(768 256 877)
3(256 365 877)
4(877 365 363 875)
3(12 18 49)
3(530 18 49)
3(530 49 561)
3(305 274 268)
3(817 305 786)
3(305 274 786)
3(89 85 158)
4(601 89 85 597)
3(597 85 158)
3(597 158 670)
3(414 341 345)
3(926 414 853)
3(414 341 853)
4(853 341 345 857)
3(168 172 92)
4(680 168 172 684)
3(684 172 92)
3(684 92 604)
3(348 428 424)
3(860 348 940)
3(348 428 940)
4(940 428 424 936)
3(48 52 22)
4(560 48 52 564)
3(564 52 534)
3(52 22 534)
3(278 308 304)
3(790 278 308)
3(790 308 820)
4(820 308 304 816)
3(24 26 30)
4(538 26 30 542)
3(542 30 24)
3(542 24 536)
3(286 282 280)
4(798 286 282 794)
3(792 280 798)
3(280 286 798)
3(38 36 40)
4(548 36 40 552)
3(552 40 38)
3(552 38 550)
3(296 292 294)
4(808 296 292 804)
3(806 294 808)
3(294 296 808)
3(98 72 100)
4(584 72 100 612)
3(612 100 98)
3(612 98 610)
3(356 328 354)
4(868 356 328 840)
3(866 354 868)
3(354 356 868)
3(133 117 137)
4(629 117 137 649)
3(649 137 133)
3(649 133 645)
3(393 373 389)
4(905 393 373 885)
3(901 389 905)
3(389 393 905)
3(184 154 182)
4(666 154 182 694)
3(694 182 184)
3(694 184 696)
3(438 410 440)
4(950 438 410 922)
3(952 440 950)
3(440 438 950)
3(220 214 218)
4(726 214 218 730)
3(730 218 220)
3(730 220 732)
3(474 470 476)
4(986 474 470 982)
3(988 476 986)
3(476 474 986)
3(234 224 228)
4(736 224 228 740)
3(740 228 234)
3(740 234 746)
3(484 480 490)
4(996 484 480 992)
3(1002 490 996)
3(490 484 996)
3(246 232 236)
4(744 232 236 748)
3(748 236 246)
3(748 246 758)
3(492 488 502)
4(1004 492 488 1000)
3(1014 502 1004)
3(502 492 1004)
3(249 238 239)
4(750 238 239 751)
3(751 239 249)
3(751 249 761)
3(495 494 505)
4(1007 495 494 1006)
3(1017 505 1007)
3(505 495 1007)
3(243 237 233)
4(749 237 233 745)
3(745 233 243)
3(745 243 755)
3(489 493 499)
4(1001 489 493 1005)
3(1011 499 1001)
3(499 489 1001)
3(231 229 225)
4(741 229 225 737)
3(737 225 231)
3(737 231 743)
3(481 485 487)
4(993 481 485 997)
3(999 487 993)
3(487 481 993)
3(217 219 215)
4(731 219 215 727)
3(727 215 217)
3(727 217 729)
3(471 475 473)
4(983 471 475 987)
3(985 473 983)
3(473 471 983)
3(157 183 155)
4(695 183 155 667)
3(667 155 157)
3(667 157 669)
3(411 439 413)
4(923 411 439 951)
3(925 413 923)
3(413 411 923)
3(122 138 118)
4(650 138 118 630)
3(630 118 122)
3(630 122 634)
3(374 394 378)
4(886 374 394 906)
3(890 378 886)
3(378 374 886)
3(71 101 73)
4(613 101 73 585)
3(585 73 71)
3(585 71 583)
3(329 357 327)
4(841 329 357 869)
3(839 327 841)
3(327 329 841)
3(35 41 37)
4(553 41 37 549)
3(549 37 35)
3(549 35 547)
3(293 297 291)
4(805 293 297 809)
3(803 291 805)
3(291 293 805)
3(21 31 43)
3(543 31 43)
3(543 43 555)
3(299 287 277)
3(811 299 799)
3(299 287 799)
3(91 87 163)
4(603 91 87 599)
3(599 87 163)
3(599 163 675)
3(419 343 347)
3(931 419 855)
3(419 343 855)
4(855 343 347 859)
3(174 180 94)
4(686 174 180 692)
3(692 180 94)
3(692 94 606)
3(350 436 430)
3(862 350 948)
3(350 436 948)
4(948 436 430 942)
3(58 64 23)
4(570 58 64 576)
3(576 64 23)
3(576 23 535)
3(279 320 314)
3(791 279 832)
3(279 320 832)
4(832 320 314 826)
3(19 23 106)
3(535 23 106)
3(535 106 618)
3(362 279 275)
3(874 362 791)
3(362 279 791)
3(109 111 0)
4(621 109 111 623)
3(623 111 0)
3(623 0 512)
3(256 367 365)
3(768 256 879)
3(256 367 879)
4(879 367 365 877)
3(18 16 49)
4(530 18 16 528)
3(528 16 49)
3(528 49 561)
3(305 272 274)
3(817 305 784)
3(305 272 784)
4(784 272 274 786)
3(85 81 158)
4(597 85 81 593)
3(593 81 158)
3(593 158 670)
3(414 337 341)
3(926 414 849)
3(414 337 849)
4(849 337 341 853)
3(172 178 92)
4(684 172 178 690)
3(690 178 92)
3(690 92 604)
3(348 434 428)
3(860 348 946)
3(348 434 946)
4(946 434 428 940)
3(52 56 22)
4(564 52 56 568)
3(568 56 534)
3(56 22 534)
3(278 312 308)
3(790 278 312)
3(790 312 824)
4(824 312 308 820)
3(26 22 30)
4(538 26 22 534)
3(534 22 30)
3(534 30 542)
3(286 278 282)
3(798 286 790)
3(286 278 790)
4(790 278 282 794)
3(36 30 40)
4(548 36 30 542)
3(542 30 40)
3(542 40 552)
3(296 286 292)
3(808 296 798)
3(296 286 798)
4(798 286 292 804)
3(72 40 100)
4(584 72 40 552)
3(552 40 100)
3(552 100 612)
3(356 296 328)
3(868 356 808)
3(356 296 808)
4(808 296 328 840)
3(117 100 137)
4(629 117 100 612)
3(612 100 137)
3(612 137 649)
3(393 356 373)
3(905 393 868)
3(393 356 868)
4(868 356 373 885)
3(154 137 182)
4(666 154 137 649)
3(649 137 182)
3(649 182 694)
3(438 393 410)
3(950 438 905)
3(438 393 905)
4(905 393 410 922)
3(214 182 218)
4(726 214 182 694)
3(694 182 218)
3(694 218 730)
3(474 438 470)
3(986 474 950)
3(474 438 950)
4(950 438 470 982)
3(224 218 228)
4(736 224 218 730)
3(730 218 228)
3(730 228 740)
3(484 474 480)
3(996 484 986)
3(484 474 986)
4(986 474 480 992)
3(232 228 236)
4(744 232 228 740)
3(740 228 236)
3(740 236 748)
3(492 484 488)
3(1004 492 996)
3(492 484 996)
4(996 484 488 1000)
3(238 236 239)
4(750 238 236 748)
3(748 236 239)
3(748 239 751)
3(495 492 494)
3(1007 495 1004)
3(495 492 1004)
4(1004 492 494 1006)
3(237 239 233)
4(749 237 239 751)
3(751 239 233)
3(751 233 745)
3(489 495 493)
3(1001 489 1007)
3(489 495 1007)
4(1007 495 493 1005)
3(229 233 225)
4(741 229 233 745)
3(745 233 225)
3(745 225 737)
3(481 489 485)
3(993 481 1001)
3(481 489 1001)
4(1001 489 485 997)
3(219 225 215)
4(731 219 225 737)
3(737 225 215)
3(737 215 727)
3(471 481 475)
3(983 471 993)
3(471 481 993)
4(993 481 475 987)
3(183 215 155)
4(695 183 215 727)
3(727 215 155)
3(727 155 667)
3(411 471 439)
3(923 411 983)
3(411 471 983)
4(983 471 439 951)
3(138 155 118)
4(650 138 155 667)
3(667 155 118)
3(667 118 630)
3(374 411 394)
3(886 374 923)
3(374 411 923)
4(923 411 394 906)
3(101 118 73)
4(613 101 118 630)
3(630 118 73)
3(630 73 585)
3(329 374 357)
3(841 329 886)
3(329 374 886)
4(886 374 357 869)
3(41 73 37)
4(553 41 73 585)
3(585 73 37)
3(585 37 549)
3(293 329 297)
3(805 293 841)
3(293 329 841)
4(841 329 297 809)
3(31 37 43)
4(543 31 37 549)
3(549 37 555)
3(37 43 555)
3(299 293 287)
3(811 299 293)
3(811 293 805)
4(805 293 287 799)
3(87 83 163)
4(599 87 83 595)
3(595 83 163)
3(595 163 675)
3(419 339 343)
3(931 419 851)
3(419 339 851)
4(851 339 343 855)
3(180 188 94)
4(692 180 188 700)
3(700 188 94)
3(700 94 606)
3(350 444 436)
3(862 350 956)
3(350 444 956)
4(956 444 436 948)
3(23 64 106)
3(576 64 106)
3(576 106 618)
3(362 320 279)
3(874 362 832)
3(362 320 832)
3(111 113 0)
4(623 111 113 625)
3(625 113 0)
3(625 0 512)
3(256 369 367)
3(768 256 881)
3(256 369 881)
4(881 369 367 879)
3(49 16 53)
3(528 16 53)
3(528 53 565)
4(565 53 49 561)
3(309 272 305)
3(821 309 784)
3(309 272 784)
4(817 305 309 821)
3(81 75 158)
4(593 81 75 587)
3(587 75 158)
3(587 158 670)
3(414 331 337)
3(926 414 843)
3(414 331 843)
4(843 331 337 849)
3(178 186 92)
4(690 178 186 698)
3(698 186 92)
3(698 92 604)
3(348 442 434)
3(860 348 954)
3(348 442 954)
4(954 442 434 946)
3(56 62 22)
4(568 56 62 574)
3(574 62 22)
3(574 22 534)
3(278 318 312)
3(790 278 830)
3(278 318 830)
4(830 318 312 824)
3(30 22 40)
3(534 22 40)
3(534 40 552)
3(296 278 286)
3(808 296 790)
3(296 278 790)
3(100 40 137)
3(552 40 137)
3(552 137 649)
3(393 296 356)
3(905 393 808)
3(393 296 808)
3(182 137 218)
3(649 137 218)
3(649 218 730)
3(474 393 438)
3(986 474 905)
3(474 393 905)
3(228 218 236)
3(730 218 236)
3(730 236 748)
3(492 474 484)
3(1004 492 986)
3(492 474 986)
3(239 236 233)
3(748 236 233)
3(748 233 745)
3(489 492 495)
3(1001 489 1004)
3(489 492 1004)
3(225 233 215)
3(745 233 215)
3(745 215 727)
3(471 489 481)
3(983 471 1001)
3(471 489 1001)
3(155 215 118)
3(727 215 118)
3(727 118 630)
3(374 471 411)
3(886 374 983)
3(374 471 983)
3(73 118 37)
3(630 118 37)
3(630 37 549)
3(293 374 329)
3(805 293 886)
3(293 374 886)
3(43 37 47)
3(549 37 47)
3(549 47 559)
4(559 47 43 555)
3(303 293 299)
3(815 303 805)
3(303 293 805)
4(811 299 303 815)
3(83 77 163)
4(595 83 77 589)
3(589 77 163)
3(589 163 675)
3(419 333 339)
3(931 419 845)
3(419 333 845)
4(845 333 339 851)
3(94 188 90)
3(700 188 90)
3(700 90 602)
4(602 90 94 606)
3(346 444 350)
3(858 346 956)
3(346 444 956)
4(862 350 346 858)
3(64 68 106)
4(576 64 68 580)
3(580 68 106)
3(580 106 618)
3(362 324 320)
3(874 362 836)
3(362 324 836)
4(836 324 320 832)
3(0 113 6)
3(625 113 518)
3(113 6 518)
3(518 6 0)
3(518 0 512)
3(262 369 256)
3(774 262 369)
3(774 369 881)
3(768 256 774)
3(256 262 774)
3(53 16 57)
3(528 16 57)
3(528 57 569)
4(569 57 53 565)
3(313 272 309)
3(825 313 784)
3(313 272 784)
4(821 309 313 825)
3(75 67 158)
4(587 75 67 579)
3(579 67 158)
3(579 158 670)
3(414 323 331)
3(926 414 835)
3(414 323 835)
4(835 323 331 843)
3(92 186 88)
3(698 186 88)
3(698 88 600)
4(600 88 92 604)
3(344 442 348)
3(856 344 954)
3(344 442 954)
4(860 348 344 856)
3(22 62 40)
3(574 62 552)
3(62 40 552)
3(296 318 278)
3(808 296 318)
3(808 318 830)
3(137 40 218)
3(552 40 218)
3(552 218 730)
3(474 296 393)
3(986 474 808)
3(474 296 808)
3(236 218 233)
3(730 218 233)
3(730 233 745)
3(489 474 492)
3(1001 489 986)
3(489 474 986)
3(215 233 118)
3(745 233 118)
3(745 118 630)
3(374 489 471)
3(886 374 1001)
3(374 489 1001)
3(47 37 51)
3(549 37 51)
3(549 51 563)
4(563 51 47 559)
3(307 293 303)
3(819 307 805)
3(307 293 805)
4(815 303 307 819)
3(77 69 163)
4(589 77 69 581)
3(581 69 163)
3(581 163 675)
3(419 325 333)
3(931 419 837)
3(419 325 837)
4(837 325 333 845)
3(90 188 86)
3(700 188 86)
3(700 86 598)
4(598 86 90 602)
3(342 444 346)
3(854 342 956)
3(342 444 956)
4(858 346 342 854)
3(68 76 106)
4(580 68 76 588)
3(588 76 618)
3(76 106 618)
3(362 332 324)
3(874 362 332)
3(874 332 844)
4(844 332 324 836)
3(113 115 6)
4(625 113 115 627)
3(627 115 518)
3(115 6 518)
3(262 371 369)
3(774 262 371)
3(774 371 883)
4(883 371 369 881)
3(57 16 63)
3(528 16 63)
3(528 63 575)
4(575 63 57 569)
3(319 272 313)
3(831 319 784)
3(319 272 784)
4(825 313 319 831)
3(158 67 161)
3(579 67 161)
3(579 161 673)
4(673 161 158 670)
3(417 323 414)
3(929 417 835)
3(417 323 835)
4(926 414 417 929)
3(88 186 84)
3(698 186 84)
3(698 84 596)
4(596 84 88 600)
3(340 442 344)
3(852 340 954)
3(340 442 954)
4(856 344 340 852)
3(62 66 40)
4(574 62 66 578)
3(578 66 552)
3(66 40 552)
3(296 322 318)
3(808 296 322)
3(808 322 834)
4(834 322 318 830)
3(118 233 37)
3(745 233 37)
3(745 37 549)
3(293 489 374)
3(805 293 1001)
3(293 489 1001)
3(51 37 55)
3(549 37 55)
3(549 55 567)
4(567 55 51 563)
3(311 293 307)
3(823 311 805)
3(311 293 805)
4(819 307 311 823)
3(163 69 167)
3(581 69 167)
3(581 167 679)
4(679 167 163 675)
3(423 325 419)
3(935 423 837)
3(423 325 837)
4(931 419 423 935)
3(86 188 82)
3(700 188 82)
3(700 82 594)
4(594 82 86 598)
3(338 444 342)
3(850 338 956)
3(338 444 956)
4(854 342 338 850)
3(76 82 106)
4(588 76 82 594)
3(594 82 618)
3(82 106 618)
3(362 338 332)
3(874 362 338)
3(874 338 850)
4(850 338 332 844)
3(115 119 6)
4(627 115 119 631)
3(631 119 518)
3(119 6 518)
3(262 375 371)
3(774 262 375)
3(774 375 887)
4(887 375 371 883)
3(63 16 67)
3(528 16 579)
3(16 67 579)
4(579 67 63 575)
3(323 272 319)
3(835 323 272)
3(835 272 784)
4(831 319 323 835)
3(161 67 165)
3(579 67 165)
3(579 165 677)
4(677 165 161 673)
3(421 323 417)
3(933 421 835)
3(421 323 835)
4(929 417 421 933)
3(84 186 80)
3(698 186 80)
3(698 80 592)
4(592 80 84 596)
3(336 442 340)
3(848 336 954)
3(336 442 954)
4(852 340 336 848)
3(66 74 40)
4(578 66 74 586)
3(586 74 552)
3(74 40 552)
3(296 330 322)
3(808 296 330)
3(808 330 842)
4(842 330 322 834)
3(55 37 59)
3(549 37 59)
3(549 59 571)
4(571 59 55 567)
3(315 293 311)
3(827 315 805)
3(315 293 805)
4(823 311 315 827)
3(167 69 171)
3(581 69 171)
3(581 171 683)
4(683 171 167 679)
3(427 325 423)
3(939 427 837)
3(427 325 837)
4(935 423 427 939)
3(106 82 108)
3(594 82 620)
3(82 108 620)
4(620 108 106 618)
3(364 338 362)
3(876 364 338)
3(876 338 850)
4(874 362 364 876)
3(119 123 6)
4(631 119 123 635)
3(635 123 518)
3(123 6 518)
3(262 379 375)
3(774 262 379)
3(774 379 891)
4(891 379 375 887)
3(67 16 165)
3(528 16 165)
3(528 165 677)
3(421 272 323)
3(933 421 784)
3(421 272 784)
3(80 186 74)
3(698 186 74)
3(698 74 586)
4(586 74 80 592)
3(330 442 336)
3(842 330 954)
3(330 442 954)
4(848 336 330 842)
3(40 74 218)
3(586 74 218)
3(586 218 730)
3(474 330 296)
3(986 474 842)
3(474 330 842)
3(59 37 65)
3(549 37 65)
3(549 65 577)
4(577 65 59 571)
3(321 293 315)
3(833 321 805)
3(321 293 805)
4(827 315 321 833)
3(171 69 175)
3(581 69 175)
3(581 175 687)
4(687 175 171 683)
3(431 325 427)
3(943 431 837)
3(431 325 837)
4(939 427 431 943)
3(108 82 110)
3(594 82 110)
3(594 110 622)
4(622 110 108 620)
3(366 338 364)
3(878 366 850)
3(366 338 850)
4(876 364 366 878)
3(6 123 16)
3(635 123 16)
3(635 16 528)
3(528 16 6)
3(528 6 518)
3(272 379 262)
3(784 272 891)
3(272 379 891)
3(774 262 784)
3(262 272 784)
3(165 16 169)
3(528 16 169)
3(528 169 681)
4(681 169 165 677)
3(425 272 421)
3(937 425 784)
3(425 272 784)
4(933 421 425 937)
3(74 186 218)
3(698 186 730)
3(186 218 730)
3(474 442 330)
3(986 474 442)
3(986 442 954)
3(65 37 69)
3(549 37 69)
3(549 69 581)
4(581 69 65 577)
3(325 293 321)
3(837 325 805)
3(325 293 805)
4(833 321 325 837)
3(175 69 181)
3(581 69 181)
3(581 181 693)
4(693 181 175 687)
3(437 325 431)
3(949 437 837)
3(437 325 837)
4(943 431 437 949)
3(110 82 112)
3(594 82 112)
3(594 112 624)
4(624 112 110 622)
3(368 338 366)
3(880 368 850)
3(368 338 850)
4(878 366 368 880)
3(16 123 169)
3(635 123 169)
3(635 169 681)
3(425 379 272)
3(937 425 891)
3(425 379 891)
3(186 190 218)
4(698 186 190 702)
3(702 190 730)
3(190 218 730)
3(474 446 442)
3(986 474 446)
3(986 446 958)
4(958 446 442 954)
3(69 37 181)
3(549 37 693)
3(37 181 693)
3(437 293 325)
3(949 437 293)
3(949 293 805)
3(112 82 114)
3(594 82 114)
3(594 114 626)
4(626 114 112 624)
3(370 338 368)
3(882 370 850)
3(370 338 850)
4(880 368 370 882)
3(123 127 169)
4(635 123 127 639)
3(639 127 169)
3(639 169 681)
3(425 383 379)
3(937 425 895)
3(425 383 895)
4(895 383 379 891)
3(190 196 218)
4(702 190 196 708)
3(708 196 730)
3(196 218 730)
3(474 452 446)
3(986 474 452)
3(986 452 964)
4(964 452 446 958)
3(181 37 189)
3(549 37 701)
3(37 189 701)
4(701 189 181 693)
3(445 293 437)
3(957 445 293)
3(957 293 805)
4(949 437 445 957)
3(114 82 116)
3(594 82 628)
3(82 116 628)
4(628 116 114 626)
3(372 338 370)
3(884 372 338)
3(884 338 850)
4(882 370 372 884)
3(127 131 169)
4(639 127 131 643)
3(643 131 169)
3(643 169 681)
3(425 387 383)
3(937 425 899)
3(425 387 899)
4(899 387 383 895)
3(196 200 218)
4(708 196 200 712)
3(712 200 730)
3(200 218 730)
3(474 456 452)
3(986 474 456)
3(986 456 968)
4(968 456 452 964)
3(189 37 193)
3(549 37 705)
3(37 193 705)
4(705 193 189 701)
3(449 293 445)
3(961 449 293)
3(961 293 805)
4(957 445 449 961)
3(116 82 120)
3(594 82 632)
3(82 120 632)
4(632 120 116 628)
3(376 338 372)
3(888 376 338)
3(888 338 850)
4(884 372 376 888)
3(131 135 169)
4(643 131 135 647)
3(647 135 169)
3(647 169 681)
3(425 391 387)
3(937 425 903)
3(425 391 903)
4(903 391 387 899)
3(200 204 218)
4(712 200 204 716)
3(716 204 730)
3(204 218 730)
3(474 460 456)
3(986 474 460)
3(986 460 972)
4(972 460 456 968)
3(37 233 193)
3(745 233 705)
3(233 193 705)
3(449 489 293)
3(961 449 489)
3(961 489 1001)
3(82 188 120)
3(700 188 120)
3(700 120 632)
3(376 444 338)
3(888 376 956)
3(376 444 956)
3(135 139 169)
4(647 135 139 651)
3(651 139 169)
3(651 169 681)
3(425 395 391)
3(937 425 907)
3(425 395 907)
4(907 395 391 903)
3(204 208 218)
4(716 204 208 720)
3(720 208 730)
3(208 218 730)
3(474 464 460)
3(986 474 464)
3(986 464 976)
4(976 464 460 972)
3(193 233 199)
3(745 233 199)
3(745 199 711)
4(711 199 193 705)
3(455 489 449)
3(967 455 1001)
3(455 489 1001)
4(961 449 455 967)
3(188 192 120)
4(700 188 192 704)
3(704 192 632)
3(192 120 632)
3(376 448 444)
3(888 376 448)
3(888 448 960)
4(960 448 444 956)
3(139 141 169)
4(651 139 141 653)
3(653 141 169)
3(653 169 681)
3(425 397 395)
3(937 425 909)
3(425 397 909)
4(909 397 395 907)
3(208 212 218)
4(720 208 212 724)
3(724 212 218)
3(724 218 730)
3(474 468 464)
3(986 474 980)
3(474 468 980)
4(980 468 464 976)
3(199 233 203)
3(745 233 203)
3(745 203 715)
4(715 203 199 711)
3(459 489 455)
3(971 459 1001)
3(459 489 1001)
4(967 455 459 971)
3(120 192 124)
3(704 192 636)
3(192 124 636)
4(636 124 120 632)
3(380 448 376)
3(892 380 448)
3(892 448 960)
4(888 376 380 892)
3(141 143 169)
4(653 141 143 655)
4(655 143 169 681)
3(425 399 397)
4(937 425 399 911)
4(911 399 397 909)
3(212 209 218)
4(724 212 209 721)
3(721 209 218)
3(721 218 730)
3(474 465 468)
3(986 474 977)
3(474 465 977)
4(977 465 468 980)
3(203 233 207)
3(745 233 207)
3(745 207 719)
4(719 207 203 715)
3(463 489 459)
3(975 463 1001)
3(463 489 1001)
4(971 459 463 975)
3(124 192 128)
3(704 192 640)
3(192 128 640)
4(640 128 124 636)
3(384 448 380)
3(896 384 448)
3(896 448 960)
4(892 380 384 896)
3(143 145 169)
4(655 143 145 657)
3(657 145 169)
3(657 169 681)
3(425 401 399)
3(937 425 913)
3(425 401 913)
4(913 401 399 911)
3(209 205 218)
4(721 209 205 717)
3(717 205 218)
3(717 218 730)
3(474 461 465)
3(986 474 973)
3(474 461 973)
4(973 461 465 977)
3(207 233 211)
3(745 233 211)
3(745 211 723)
4(723 211 207 719)
3(467 489 463)
3(979 467 1001)
3(467 489 1001)
4(975 463 467 979)
3(128 192 132)
3(704 192 132)
3(704 132 644)
4(644 132 128 640)
3(388 448 384)
3(900 388 960)
3(388 448 960)
4(896 384 388 900)
3(145 147 169)
4(657 145 147 659)
3(659 147 169)
3(659 169 681)
3(425 403 401)
3(937 425 915)
3(425 403 915)
4(915 403 401 913)
3(218 205 233)
3(717 205 745)
3(205 233 745)
3(489 461 474)
3(1001 489 461)
3(1001 461 973)
3(211 233 213)
3(745 233 213)
3(745 213 725)
4(725 213 211 723)
3(469 489 467)
3(981 469 1001)
3(469 489 1001)
4(979 467 469 981)
3(132 192 136)
3(704 192 136)
3(704 136 648)
4(648 136 132 644)
3(392 448 388)
3(904 392 960)
3(392 448 960)
4(900 388 392 904)
3(147 149 169)
4(659 147 149 661)
3(661 149 169)
3(661 169 681)
3(425 405 403)
3(937 425 917)
3(425 405 917)
4(917 405 403 915)
3(205 201 233)
4(717 205 201 713)
3(713 201 745)
3(201 233 745)
3(489 457 461)
3(1001 489 457)
3(1001 457 969)
4(969 457 461 973)
3(213 233 210)
3(745 233 210)
3(745 210 722)
4(722 210 213 725)
3(466 489 469)
3(978 466 1001)
3(466 489 1001)
4(981 469 466 978)
3(136 192 140)
3(704 192 140)
3(704 140 652)
4(652 140 136 648)
3(396 448 392)
3(908 396 960)
3(396 448 960)
4(904 392 396 908)
3(149 151 169)
4(661 149 151 663)
3(663 151 169)
3(663 169 681)
3(425 407 405)
3(937 425 919)
3(425 407 919)
4(919 407 405 917)
3(201 197 233)
4(713 201 197 709)
3(709 197 745)
3(197 233 745)
3(489 453 457)
3(1001 489 453)
3(1001 453 965)
4(965 453 457 969)
3(210 233 206)
3(745 233 206)
3(745 206 718)
4(718 206 210 722)
3(462 489 466)
3(974 462 1001)
3(462 489 1001)
4(978 466 462 974)
3(140 192 142)
3(704 192 142)
3(704 142 654)
4(654 142 140 652)
3(398 448 396)
3(910 398 960)
3(398 448 960)
4(908 396 398 910)
3(151 153 169)
4(663 151 153 665)
3(665 153 169)
3(665 169 681)
3(425 409 407)
3(937 425 921)
3(425 409 921)
4(921 409 407 919)
3(197 191 233)
4(709 197 191 703)
3(703 191 745)
3(191 233 745)
3(489 447 453)
3(1001 489 447)
3(1001 447 959)
4(959 447 453 965)
3(206 233 202)
3(745 233 202)
3(745 202 714)
4(714 202 206 718)
3(458 489 462)
3(970 458 1001)
3(458 489 1001)
4(974 462 458 970)
3(192 198 142)
4(704 192 198 710)
3(710 198 142)
3(710 142 654)
3(398 454 448)
3(910 398 966)
3(398 454 966)
4(966 454 448 960)
3(153 152 169)
4(665 153 152 664)
3(664 152 169)
3(664 169 681)
3(425 408 409)
3(937 425 920)
3(425 408 920)
4(920 408 409 921)
3(191 187 233)
4(703 191 187 699)
3(699 187 745)
3(187 233 745)
3(489 443 447)
3(1001 489 443)
3(1001 443 955)
4(955 443 447 959)
3(202 233 198)
3(745 233 710)
3(233 198 710)
4(710 198 202 714)
3(454 489 458)
3(966 454 489)
3(966 489 1001)
4(970 458 454 966)
3(142 198 144)
3(710 198 144)
3(710 144 656)
4(656 144 142 654)
3(400 454 398)
3(912 400 966)
3(400 454 966)
4(910 398 400 912)
3(152 150 169)
4(664 152 150 662)
3(662 150 169)
3(662 169 681)
3(425 406 408)
3(937 425 918)
3(425 406 918)
4(918 406 408 920)
3(187 179 233)
4(699 187 179 691)
3(691 179 233)
3(691 233 745)
3(489 435 443)
3(1001 489 947)
3(489 435 947)
4(947 435 443 955)
3(198 233 144)
3(745 233 144)
3(745 144 656)
3(400 489 454)
3(912 400 1001)
3(400 489 1001)
3(169 150 173)
3(662 150 173)
3(662 173 685)
4(685 173 169 681)
3(429 406 425)
3(941 429 918)
3(429 406 918)
4(937 425 429 941)
3(179 173 233)
4(691 179 173 685)
3(685 173 233)
3(685 233 745)
3(489 429 435)
3(1001 489 941)
3(489 429 941)
4(941 429 435 947)
3(144 233 146)
3(745 233 146)
3(745 146 658)
4(658 146 144 656)
3(402 489 400)
3(914 402 1001)
3(402 489 1001)
4(912 400 402 914)
3(150 148 173)
4(662 150 148 660)
3(660 148 173)
3(660 173 685)
3(429 404 406)
3(941 429 916)
3(429 404 916)
4(916 404 406 918)
3(146 233 148)
3(745 233 148)
3(745 148 660)
4(660 148 146 658)
3(404 489 402)
3(916 404 1001)
3(404 489 1001)
4(914 402 404 916)
3(173 148 233)
3(489 404 429)
3(159 163 419)
4(675 163 419 931)
3(931 419 671)
3(419 159 671)
3(159 419 415)
4(927 415 159 671)
3(162 159 415)
3(927 415 162)
3(927 162 674)
3(162 415 418)
4(930 418 162 674)
3(46 43 299)
4(555 43 299 811)
3(811 299 46)
3(811 46 558)
3(46 299 302)
4(814 302 46 558)
3(13 5 261)
4(517 5 261 773)
3(773 261 525)
3(261 13 525)
3(13 261 269)
4(781 269 13 525)
3(5 3 259)
4(515 3 259 771)
3(771 259 517)
3(259 5 517)
3(5 259 261)
3(7 1 257)
4(513 1 257 769)
3(769 257 519)
3(257 7 519)
3(7 257 263)
4(775 263 7 519)
3(1 0 256)
4(512 0 256 768)
3(768 256 513)
3(256 1 513)
3(1 256 257)
3(102 104 360)
4(616 104 360 872)
3(872 360 614)
3(360 102 614)
3(102 360 358)
4(870 358 102 614)
3(103 102 358)
3(870 358 103)
3(870 103 615)
3(103 358 359)
4(871 359 103 615)
3(8 2 258)
4(514 2 258 770)
3(770 258 520)
3(258 8 520)
3(8 258 264)
4(776 264 8 520)
3(2 4 260)
4(516 4 260 772)
3(772 260 2)
3(772 2 514)
3(2 260 258)
3(42 45 301)
4(557 45 301 813)
3(813 301 554)
3(301 42 554)
3(42 301 298)
4(810 298 42 554)
3(96 92 348)
4(604 92 348 860)
3(860 348 608)
3(348 96 608)
3(96 348 352)
4(864 352 96 608)
3(160 158 414)
4(670 158 414 926)
3(926 414 160)
3(926 160 672)
3(160 414 416)
4(928 416 160 672)
3(20 10 266)
4(522 10 266 778)
3(778 266 532)
3(266 20 532)
3(20 266 276)
4(788 276 20 532)
3(10 14 270)
4(526 14 270 782)
3(782 270 10)
3(782 10 522)
3(10 270 266)
3(34 28 284)
4(540 28 284 796)
3(796 284 546)
3(284 34 546)
3(34 284 290)
4(802 290 34 546)
3(28 32 288)
4(544 32 288 800)
3(800 288 540)
3(288 28 540)
3(28 288 284)
3(70 60 316)
4(572 60 316 828)
3(828 316 582)
3(316 70 582)
3(70 316 326)
4(838 326 70 582)
3(60 78 334)
4(590 78 334 846)
3(846 334 572)
3(334 60 572)
3(60 334 316)
3(121 125 381)
4(637 125 381 893)
3(893 381 633)
3(381 121 633)
3(121 381 377)
4(889 377 121 633)
3(125 129 385)
4(641 129 385 897)
3(897 385 125)
3(897 125 637)
3(125 385 381)
3(156 176 432)
4(688 176 432 944)
3(944 432 668)
3(432 156 668)
3(156 432 412)
4(924 412 156 668)
3(176 194 450)
4(706 194 450 962)
3(962 450 176)
3(962 176 688)
3(176 450 432)
3(216 222 478)
4(734 222 478 990)
3(990 478 728)
3(478 216 728)
3(216 478 472)
4(984 472 216 728)
3(222 226 482)
4(738 226 482 994)
3(994 482 222)
3(994 222 734)
3(222 482 478)
3(230 240 496)
4(752 240 496 1008)
3(1008 496 742)
3(496 230 742)
3(230 496 486)
4(998 486 230 742)
3(240 244 500)
4(756 244 500 1012)
3(1012 500 752)
3(500 240 752)
3(240 500 496)
3(242 250 506)
4(762 250 506 1018)
3(1018 506 754)
3(506 242 754)
3(242 506 498)
4(1010 498 242 754)
3(250 252 508)
4(764 252 508 1020)
3(1020 508 762)
3(508 250 762)
3(250 508 506)
3(248 254 510)
4(766 254 510 1022)
3(1022 510 760)
3(510 248 760)
3(248 510 504)
4(1016 504 248 760)
3(254 255 511)
4(767 255 511 1023)
3(1023 511 254)
3(1023 254 766)
3(254 511 510)
3(247 253 509)
4(765 253 509 1021)
3(1021 509 759)
3(509 247 759)
3(247 509 503)
4(1015 503 247 759)
3(253 251 507)
4(763 251 507 1019)
3(1019 507 253)
3(1019 253 765)
3(253 507 509)
3(235 245 501)
4(757 245 501 1013)
3(1013 501 747)
3(501 235 747)
3(235 501 491)
4(1003 491 235 747)
3(245 241 497)
4(753 241 497 1009)
3(1009 497 245)
3(1009 245 757)
3(245 497 501)
3(221 227 483)
4(739 227 483 995)
3(995 483 733)
3(483 221 733)
3(221 483 477)
4(989 477 221 733)
3(227 223 479)
4(735 223 479 991)
3(991 479 739)
3(479 227 739)
3(227 479 483)
3(185 195 451)
4(707 195 451 963)
3(963 451 697)
3(451 185 697)
3(185 451 441)
4(953 441 185 697)
3(195 177 433)
4(689 177 433 945)
3(945 433 707)
3(433 195 707)
3(195 433 451)
3(134 130 386)
4(642 130 386 898)
3(898 386 646)
3(386 134 646)
3(134 386 390)
4(902 390 134 646)
3(130 126 382)
4(638 126 382 894)
3(894 382 130)
3(894 130 642)
3(130 382 386)
3(99 79 335)
4(591 79 335 847)
3(847 335 611)
3(335 99 611)
3(99 335 355)
4(867 355 99 611)
3(79 61 317)
4(573 61 317 829)
3(829 317 79)
3(829 79 591)
3(79 317 335)
3(39 33 289)
4(545 33 289 801)
3(801 289 551)
3(289 39 551)
3(39 289 295)
4(807 295 39 551)
3(33 29 285)
4(541 29 285 797)
3(797 285 33)
3(797 33 545)
3(33 285 289)
3(25 15 271)
4(527 15 271 783)
3(783 271 537)
3(271 25 537)
3(25 271 281)
4(793 281 25 537)
3(15 11 267)
4(523 11 267 779)
3(779 267 527)
3(267 15 527)
3(15 267 271)
3(97 94 350)
4(606 94 350 862)
3(862 350 609)
3(350 97 609)
3(97 350 353)
4(865 353 97 609)
3(166 162 418)
3(930 418 166)
3(930 166 678)
3(166 418 422)
4(934 422 166 678)
3(50 46 302)
3(814 302 562)
3(302 50 562)
3(50 302 306)
4(818 306 50 562)
3(23 13 269)
3(781 269 23)
3(781 23 535)
3(23 269 279)
4(791 279 23 535)
3(17 7 263)
3(775 263 17)
3(775 17 529)
3(17 263 273)
4(785 273 17 529)
3(104 106 362)
4(618 106 362 874)
3(874 362 104)
3(874 104 616)
3(104 362 360)
3(105 103 359)
3(871 359 617)
3(359 105 617)
3(105 359 361)
4(873 361 105 617)
3(18 8 264)
3(776 264 18)
3(776 18 530)
3(18 264 274)
4(786 274 18 530)
3(45 49 305)
4(561 49 305 817)
3(817 305 45)
3(817 45 557)
3(45 305 301)
3(93 96 352)
3(864 352 93)
3(864 93 605)
3(93 352 349)
4(861 349 93 605)
3(164 160 416)
3(928 416 676)
3(416 164 676)
3(164 416 420)
4(932 420 164 676)
3(44 42 298)
3(810 298 44)
3(810 44 556)
3(44 298 300)
4(812 300 44 556)
3(26 20 276)
3(788 276 26)
3(788 26 538)
3(26 276 282)
4(794 282 26 538)
3(36 34 290)
3(802 290 36)
3(802 36 548)
3(36 290 292)
4(804 292 36 548)
3(72 70 326)
3(838 326 72)
3(838 72 584)
3(72 326 328)
4(840 328 72 584)
3(117 121 377)
3(889 377 117)
3(889 117 629)
3(117 377 373)
4(885 373 117 629)
3(154 156 412)
3(924 412 154)
3(924 154 666)
3(154 412 410)
4(922 410 154 666)
3(214 216 472)
3(984 472 214)
3(984 214 726)
3(214 472 470)
4(982 470 214 726)
3(224 230 486)
3(998 486 224)
3(998 224 736)
3(224 486 480)
4(992 480 224 736)
3(232 242 498)
3(1010 498 232)
3(1010 232 744)
3(232 498 488)
4(1000 488 232 744)
3(238 248 504)
3(1016 504 238)
3(1016 238 750)
3(238 504 494)
4(1006 494 238 750)
3(237 247 503)
3(1015 503 237)
3(1015 237 749)
3(237 503 493)
4(1005 493 237 749)
3(229 235 491)
3(1003 491 229)
3(1003 229 741)
3(229 491 485)
4(997 485 229 741)
3(219 221 477)
3(989 477 219)
3(989 219 731)
3(219 477 475)
4(987 475 219 731)
3(183 185 441)
3(953 441 183)
3(953 183 695)
3(183 441 439)
4(951 439 183 695)
3(138 134 390)
3(902 390 138)
3(902 138 650)
3(138 390 394)
4(906 394 138 650)
3(101 99 355)
3(867 355 101)
3(867 101 613)
3(101 355 357)
4(869 357 101 613)
3(41 39 295)
3(807 295 41)
3(807 41 553)
3(41 295 297)
4(809 297 41 553)
3(31 25 281)
3(793 281 31)
3(793 31 543)
3(31 281 287)
4(799 287 31 543)
3(27 23 279)
3(791 279 539)
3(279 27 539)
3(27 279 283)
4(795 283 27 539)
3(95 97 353)
3(865 353 95)
3(865 95 607)
3(95 353 351)
4(863 351 95 607)
3(170 166 422)
3(934 422 682)
3(422 170 682)
3(170 422 426)
4(938 426 170 682)
3(54 50 306)
3(818 306 54)
3(818 54 566)
3(54 306 310)
4(822 310 54 566)
3(3 9 265)
4(521 9 265 777)
3(777 265 3)
3(777 3 515)
3(3 265 259)
3(107 105 361)
3(873 361 619)
3(361 107 619)
3(107 361 363)
4(875 363 107 619)
3(4 12 268)
4(524 12 268 780)
3(780 268 4)
3(780 4 516)
3(4 268 260)
3(12 22 278)
4(534 22 278 790)
3(790 278 524)
3(278 12 524)
3(12 278 268)
3(89 93 349)
3(861 349 89)
3(861 89 601)
3(89 349 345)
4(857 345 89 601)
3(168 164 420)
3(932 420 168)
3(932 168 680)
3(168 420 424)
4(936 424 168 680)
3(48 44 300)
3(812 300 560)
3(300 48 560)
3(48 300 304)
4(816 304 48 560)
3(14 24 280)
4(536 24 280 792)
3(792 280 14)
3(792 14 526)
3(14 280 270)
3(32 38 294)
4(550 38 294 806)
3(806 294 32)
3(806 32 544)
3(32 294 288)
3(78 98 354)
4(610 98 354 866)
3(866 354 78)
3(866 78 590)
3(78 354 334)
3(129 133 389)
4(645 133 389 901)
3(901 389 129)
3(901 129 641)
3(129 389 385)
3(194 184 440)
4(696 184 440 952)
3(952 440 194)
3(952 194 706)
3(194 440 450)
3(226 220 476)
4(732 220 476 988)
3(988 476 226)
3(988 226 738)
3(226 476 482)
3(244 234 490)
4(746 234 490 1002)
3(1002 490 244)
3(1002 244 756)
3(244 490 500)
3(252 246 502)
4(758 246 502 1014)
3(1014 502 252)
3(1014 252 764)
3(252 502 508)
3(255 249 505)
4(761 249 505 1017)
3(1017 505 255)
3(1017 255 767)
3(255 505 511)
3(251 243 499)
4(755 243 499 1011)
3(1011 499 251)
3(1011 251 763)
3(251 499 507)
3(241 231 487)
4(743 231 487 999)
3(999 487 241)
3(999 241 753)
3(241 487 497)
3(223 217 473)
4(729 217 473 985)
3(985 473 223)
3(985 223 735)
3(223 473 479)
3(177 157 413)
4(669 157 413 925)
3(925 413 177)
3(925 177 689)
3(177 413 433)
3(126 122 378)
4(634 122 378 890)
3(890 378 126)
3(890 126 638)
3(126 378 382)
3(61 71 327)
4(583 71 327 839)
3(839 327 61)
3(839 61 573)
3(61 327 317)
3(29 35 291)
4(547 35 291 803)
3(803 291 29)
3(803 29 541)
3(29 291 285)
3(11 21 277)
4(533 21 277 789)
3(789 277 11)
3(789 11 523)
3(11 277 267)
3(21 27 283)
3(795 283 533)
3(283 21 533)
3(21 283 277)
3(91 95 351)
3(863 351 603)
3(351 91 603)
3(91 351 347)
4(859 347 91 603)
3(174 170 426)
3(938 426 174)
3(938 174 686)
3(174 426 430)
4(942 430 174 686)
3(58 54 310)
3(822 310 570)
3(310 58 570)
3(58 310 314)
4(826 314 58 570)
3(9 19 275)
4(531 19 275 787)
3(787 275 521)
3(275 9 521)
3(9 275 265)
3(19 17 273)
3(785 273 19)
3(785 19 531)
3(19 273 275)
3(109 107 363)
3(875 363 109)
3(875 109 621)
3(109 363 365)
4(877 365 109 621)
3(85 89 345)
3(857 345 597)
3(345 85 597)
3(85 345 341)
4(853 341 85 597)
3(172 168 424)
3(936 424 684)
3(424 172 684)
3(172 424 428)
4(940 428 172 684)
3(52 48 304)
3(816 304 52)
3(816 52 564)
3(52 304 308)
4(820 308 52 564)
3(24 30 286)
4(542 30 286 798)
3(798 286 536)
3(286 24 536)
3(24 286 280)
3(38 40 296)
4(552 40 296 808)
3(808 296 550)
3(296 38 550)
3(38 296 294)
3(98 100 356)
4(612 100 356 868)
3(868 356 610)
3(356 98 610)
3(98 356 354)
3(133 137 393)
4(649 137 393 905)
3(905 393 645)
3(393 133 645)
3(133 393 389)
3(184 182 438)
4(694 182 438 950)
3(950 438 696)
3(438 184 696)
3(184 438 440)
3(220 218 474)
4(730 218 474 986)
3(986 474 732)
3(474 220 732)
3(220 474 476)
3(234 228 484)
4(740 228 484 996)
3(996 484 746)
3(484 234 746)
3(234 484 490)
3(246 236 492)
4(748 236 492 1004)
3(1004 492 758)
3(492 246 758)
3(246 492 502)
3(249 239 495)
4(751 239 495 1007)
3(1007 495 761)
3(495 249 761)
3(249 495 505)
3(243 233 489)
4(745 233 489 1001)
3(1001 489 755)
3(489 243 755)
3(243 489 499)
3(231 225 481)
4(737 225 481 993)
3(993 481 743)
3(481 231 743)
3(231 481 487)
3(217 215 471)
4(727 215 471 983)
3(983 471 729)
3(471 217 729)
3(217 471 473)
3(157 155 411)
4(667 155 411 923)
3(923 411 669)
3(411 157 669)
3(157 411 413)
3(122 118 374)
4(630 118 374 886)
3(886 374 634)
3(374 122 634)
3(122 374 378)
3(71 73 329)
4(585 73 329 841)
3(841 329 583)
3(329 71 583)
3(71 329 327)
3(35 37 293)
4(549 37 293 805)
3(805 293 547)
3(293 35 547)
3(35 293 291)
3(87 91 347)
3(859 347 87)
3(859 87 599)
3(87 347 343)
4(855 343 87 599)
3(180 174 430)
3(942 430 692)
3(430 180 692)
3(180 430 436)
4(948 436 180 692)
3(64 58 314)
3(826 314 64)
3(826 64 576)
3(64 314 320)
4(832 320 64 576)
3(111 109 365)
3(877 365 111)
3(877 111 623)
3(111 365 367)
4(879 367 111 623)
3(16 18 274)
3(786 274 528)
3(274 16 528)
3(16 274 272)
4(784 272 16 528)
3(81 85 341)
3(853 341 81)
3(853 81 593)
3(81 341 337)
4(849 337 81 593)
3(178 172 428)
3(940 428 178)
3(940 178 690)
3(178 428 434)
4(946 434 178 690)
3(56 52 308)
3(820 308 568)
3(308 56 568)
3(56 308 312)
4(824 312 56 568)
3(22 26 282)
3(794 282 22)
3(794 22 534)
3(22 282 278)
3(30 36 292)
3(804 292 542)
3(292 30 542)
3(30 292 286)
3(40 72 328)
3(840 328 552)
3(328 40 552)
3(40 328 296)
3(100 117 373)
3(885 373 100)
3(885 100 612)
3(100 373 356)
3(137 154 410)
3(922 410 649)
3(410 137 649)
3(137 410 393)
3(182 214 470)
3(982 470 182)
3(982 182 694)
3(182 470 438)
3(218 224 480)
3(992 480 218)
3(992 218 730)
3(218 480 474)
3(228 232 488)
3(1000 488 740)
3(488 228 740)
3(228 488 484)
3(236 238 494)
3(1006 494 236)
3(1006 236 748)
3(236 494 492)
3(239 237 493)
3(1005 493 751)
3(493 239 751)
3(239 493 495)
3(233 229 485)
3(997 485 233)
3(997 233 745)
3(233 485 489)
3(225 219 475)
3(987 475 737)
3(475 225 737)
3(225 475 481)
3(215 183 439)
3(951 439 727)
3(439 215 727)
3(215 439 471)
3(155 138 394)
3(906 394 155)
3(906 155 667)
3(155 394 411)
3(118 101 357)
3(869 357 630)
3(357 118 630)
3(118 357 374)
3(73 41 297)
3(809 297 73)
3(809 73 585)
3(73 297 329)
3(37 31 287)
3(799 287 37)
3(799 37 549)
3(37 287 293)
3(83 87 343)
3(855 343 595)
3(343 83 595)
3(83 343 339)
4(851 339 83 595)
3(188 180 436)
3(948 436 700)
3(436 188 700)
3(188 436 444)
4(956 444 188 700)
3(113 111 367)
3(879 367 625)
3(367 113 625)
3(113 367 369)
4(881 369 113 625)
3(49 53 309)
4(565 53 309 821)
3(821 309 561)
3(309 49 561)
3(49 309 305)
3(75 81 337)
3(849 337 587)
3(337 75 587)
3(75 337 331)
4(843 331 75 587)
3(186 178 434)
3(946 434 698)
3(434 186 698)
3(186 434 442)
4(954 442 186 698)
3(62 56 312)
3(824 312 62)
3(824 62 574)
3(62 312 318)
4(830 318 62 574)
3(43 47 303)
4(559 47 303 815)
3(815 303 555)
3(303 43 555)
3(43 303 299)
3(77 83 339)
3(851 339 77)
3(851 77 589)
3(77 339 333)
4(845 333 77 589)
3(94 90 346)
4(602 90 346 858)
3(858 346 606)
3(346 94 606)
3(94 346 350)
3(68 64 320)
3(832 320 580)
3(320 68 580)
3(68 320 324)
4(836 324 68 580)
3(0 6 262)
4(518 6 262 774)
3(774 262 0)
3(774 0 512)
3(0 262 256)
3(53 57 313)
4(569 57 313 825)
3(825 313 53)
3(825 53 565)
3(53 313 309)
3(67 75 331)
3(843 331 579)
3(331 67 579)
3(67 331 323)
4(835 323 67 579)
3(92 88 344)
4(600 88 344 856)
3(856 344 92)
3(856 92 604)
3(92 344 348)
3(47 51 307)
4(563 51 307 819)
3(819 307 47)
3(819 47 559)
3(47 307 303)
3(69 77 333)
3(845 333 581)
3(333 69 581)
3(69 333 325)
4(837 325 69 581)
3(90 86 342)
4(598 86 342 854)
3(854 342 90)
3(854 90 602)
3(90 342 346)
3(76 68 324)
3(836 324 76)
3(836 76 588)
3(76 324 332)
4(844 332 76 588)
3(115 113 369)
3(881 369 627)
3(369 115 627)
3(115 369 371)
4(883 371 115 627)
3(57 63 319)
4(575 63 319 831)
3(831 319 569)
3(319 57 569)
3(57 319 313)
3(158 161 417)
4(673 161 417 929)
3(929 417 670)
3(417 158 670)
3(158 417 414)
3(88 84 340)
4(596 84 340 852)
3(852 340 600)
3(340 88 600)
3(88 340 344)
3(66 62 318)
3(830 318 578)
3(318 66 578)
3(66 318 322)
4(834 322 66 578)
3(51 55 311)
4(567 55 311 823)
3(823 311 563)
3(311 51 563)
3(51 311 307)
3(163 167 423)
4(679 167 423 935)
3(935 423 163)
3(935 163 675)
3(163 423 419)
3(86 82 338)
4(594 82 338 850)
3(850 338 598)
3(338 86 598)
3(86 338 342)
3(82 76 332)
3(844 332 82)
3(844 82 594)
3(82 332 338)
3(119 115 371)
3(883 371 119)
3(883 119 631)
3(119 371 375)
4(887 375 119 631)
3(63 67 323)
3(835 323 63)
3(835 63 575)
3(63 323 319)
3(161 165 421)
4(677 165 421 933)
3(933 421 673)
3(421 161 673)
3(161 421 417)
3(84 80 336)
4(592 80 336 848)
3(848 336 84)
3(848 84 596)
3(84 336 340)
3(74 66 322)
3(834 322 74)
3(834 74 586)
3(74 322 330)
4(842 330 74 586)
3(55 59 315)
4(571 59 315 827)
3(827 315 55)
3(827 55 567)
3(55 315 311)
3(167 171 427)
4(683 171 427 939)
3(939 427 679)
3(427 167 679)
3(167 427 423)
3(106 108 364)
4(620 108 364 876)
3(876 364 106)
3(876 106 618)
3(106 364 362)
3(123 119 375)
3(887 375 123)
3(887 123 635)
3(123 375 379)
4(891 379 123 635)
3(80 74 330)
3(842 330 592)
3(330 80 592)
3(80 330 336)
3(59 65 321)
4(577 65 321 833)
3(833 321 571)
3(321 59 571)
3(59 321 315)
3(171 175 431)
4(687 175 431 943)
3(943 431 171)
3(943 171 683)
3(171 431 427)
3(108 110 366)
4(622 110 366 878)
3(878 366 620)
3(366 108 620)
3(108 366 364)
3(6 16 272)
3(784 272 518)
3(272 6 518)
3(6 272 262)
3(165 169 425)
4(681 169 425 937)
3(937 425 165)
3(937 165 677)
3(165 425 421)
3(65 69 325)
3(837 325 65)
3(837 65 577)
3(65 325 321)
3(175 181 437)
4(693 181 437 949)
3(949 437 687)
3(437 175 687)
3(175 437 431)
3(110 112 368)
4(624 112 368 880)
3(880 368 622)
3(368 110 622)
3(110 368 366)
3(190 186 442)
3(954 442 190)
3(954 190 702)
3(190 442 446)
4(958 446 190 702)
3(112 114 370)
4(626 114 370 882)
3(882 370 112)
3(882 112 624)
3(112 370 368)
3(127 123 379)
3(891 379 639)
3(379 127 639)
3(127 379 383)
4(895 383 127 639)
3(196 190 446)
3(958 446 708)
3(446 196 708)
3(196 446 452)
4(964 452 196 708)
3(181 189 445)
4(701 189 445 957)
3(957 445 181)
3(957 181 693)
3(181 445 437)
3(114 116 372)
4(628 116 372 884)
3(884 372 114)
3(884 114 626)
3(114 372 370)
3(131 127 383)
3(895 383 131)
3(895 131 643)
3(131 383 387)
4(899 387 131 643)
3(200 196 452)
3(964 452 200)
3(964 200 712)
3(200 452 456)
4(968 456 200 712)
3(189 193 449)
4(705 193 449 961)
3(961 449 701)
3(449 189 701)
3(189 449 445)
3(116 120 376)
4(632 120 376 888)
3(888 376 628)
3(376 116 628)
3(116 376 372)
3(135 131 387)
3(899 387 647)
3(387 135 647)
3(135 387 391)
4(903 391 135 647)
3(204 200 456)
3(968 456 716)
3(456 204 716)
3(204 456 460)
4(972 460 204 716)
3(139 135 391)
3(903 391 651)
3(391 139 651)
3(139 391 395)
4(907 395 139 651)
3(208 204 460)
3(972 460 208)
3(972 208 720)
3(208 460 464)
4(976 464 208 720)
3(193 199 455)
4(711 199 455 967)
3(967 455 193)
3(967 193 705)
3(193 455 449)
3(192 188 444)
3(956 444 192)
3(956 192 704)
3(192 444 448)
4(960 448 192 704)
3(141 139 395)
3(907 395 141)
3(907 141 653)
3(141 395 397)
4(909 397 141 653)
3(212 208 464)
3(976 464 724)
3(464 212 724)
3(212 464 468)
4(980 468 212 724)
3(199 203 459)
4(715 203 459 971)
3(971 459 711)
3(459 199 711)
3(199 459 455)
3(120 124 380)
4(636 124 380 892)
3(892 380 632)
3(380 120 632)
3(120 380 376)
3(143 141 397)
3(909 397 143)
3(909 143 655)
3(143 397 399)
4(911 399 143 655)
3(209 212 468)
3(980 468 209)
3(980 209 721)
3(209 468 465)
4(977 465 209 721)
3(203 207 463)
4(719 207 463 975)
3(975 463 203)
3(975 203 715)
3(203 463 459)
3(124 128 384)
4(640 128 384 896)
3(896 384 124)
3(896 124 636)
3(124 384 380)
3(145 143 399)
3(911 399 657)
3(399 145 657)
3(145 399 401)
4(913 401 145 657)
3(205 209 465)
3(977 465 717)
3(465 205 717)
3(205 465 461)
4(973 461 205 717)
3(207 211 467)
4(723 211 467 979)
3(979 467 719)
3(467 207 719)
3(207 467 463)
3(128 132 388)
4(644 132 388 900)
3(900 388 640)
3(388 128 640)
3(128 388 384)
3(147 145 401)
3(913 401 659)
3(401 147 659)
3(147 401 403)
4(915 403 147 659)
3(211 213 469)
4(725 213 469 981)
3(981 469 211)
3(981 211 723)
3(211 469 467)
3(132 136 392)
4(648 136 392 904)
3(904 392 132)
3(904 132 644)
3(132 392 388)
3(149 147 403)
3(915 403 149)
3(915 149 661)
3(149 403 405)
4(917 405 149 661)
3(201 205 461)
3(973 461 201)
3(973 201 713)
3(201 461 457)
4(969 457 201 713)
3(213 210 466)
4(722 210 466 978)
3(978 466 725)
3(466 213 725)
3(213 466 469)
3(136 140 396)
4(652 140 396 908)
3(908 396 136)
3(908 136 648)
3(136 396 392)
3(151 149 405)
3(917 405 151)
3(917 151 663)
3(151 405 407)
4(919 407 151 663)
3(197 201 457)
3(969 457 709)
3(457 197 709)
3(197 457 453)
4(965 453 197 709)
3(210 206 462)
4(718 206 462 974)
3(974 462 210)
3(974 210 722)
3(210 462 466)
3(140 142 398)
4(654 142 398 910)
3(910 398 652)
3(398 140 652)
3(140 398 396)
3(153 151 407)
3(919 407 665)
3(407 153 665)
3(153 407 409)
4(921 409 153 665)
3(191 197 453)
3(965 453 191)
3(965 191 703)
3(191 453 447)
4(959 447 191 703)
3(206 202 458)
4(714 202 458 970)
3(970 458 718)
3(458 206 718)
3(206 458 462)
3(198 192 448)
3(960 448 710)
3(448 198 710)
3(198 448 454)
4(966 454 198 710)
3(152 153 409)
3(921 409 152)
3(921 152 664)
3(152 409 408)
4(920 408 152 664)
3(187 191 447)
3(959 447 699)
3(447 187 699)
3(187 447 443)
4(955 443 187 699)
3(202 198 454)
3(966 454 202)
3(966 202 714)
3(202 454 458)
3(142 144 400)
4(656 144 400 912)
3(912 400 654)
3(400 142 654)
3(142 400 398)
3(150 152 408)
3(920 408 662)
3(408 150 662)
3(150 408 406)
4(918 406 150 662)
3(179 187 443)
3(955 443 179)
3(955 179 691)
3(179 443 435)
4(947 435 179 691)
3(169 173 429)
4(685 173 429 941)
3(941 429 681)
3(429 169 681)
3(169 429 425)
3(173 179 435)
3(947 435 173)
3(947 173 685)
3(173 435 429)
3(144 146 402)
4(658 146 402 914)
3(914 402 144)
3(914 144 656)
3(144 402 400)
3(148 150 406)
3(918 406 660)
3(406 148 660)
3(148 406 404)
4(916 404 148 660)
3(146 148 404)
3(916 404 146)
3(916 146 658)
3(146 404 402)
3(671 606 675)
3(931 862 927)
3(671 674 606)
3(862 930 927)
3(555 558 535)
3(791 814 811)
3(517 525 515)
3(771 781 773)
3(513 519 512)
3(768 775 769)
3(614 512 616)
3(872 768 870)
3(614 615 512)
3(768 871 870)
3(514 520 516)
3(772 776 770)
3(554 534 557)
3(813 790 810)
3(604 608 670)
3(926 864 860)
3(670 672 604)
3(860 928 926)
3(522 532 526)
3(782 788 778)
3(540 546 544)
3(800 802 796)
3(572 582 590)
3(846 838 828)
3(637 633 641)
3(897 889 893)
3(688 668 706)
3(962 924 944)
3(734 728 738)
3(994 984 990)
3(752 742 756)
3(1012 998 1008)
3(762 754 764)
3(1020 1010 1018)
3(766 760 767)
3(1023 1016 1022)
3(765 759 763)
3(1019 1015 1021)
3(757 747 753)
3(1009 1003 1013)
3(739 733 735)
3(991 989 995)
3(707 697 689)
3(945 953 963)
3(642 646 638)
3(894 902 898)
3(591 611 573)
3(829 867 847)
3(545 551 541)
3(797 807 801)
3(527 537 523)
3(779 793 783)
3(606 609 675)
3(931 865 862)
3(674 678 606)
3(862 934 930)
3(558 562 535)
3(791 818 814)
3(525 535 515)
3(771 791 781)
3(519 529 512)
3(768 785 775)
3(616 512 618)
3(874 768 872)
3(615 617 512)
3(768 873 871)
3(520 530 516)
3(772 786 776)
3(557 534 561)
3(817 790 813)
3(608 605 670)
3(926 861 864)
3(672 676 604)
3(860 932 928)
3(554 556 534)
3(790 812 810)
3(532 538 526)
3(782 794 788)
3(546 548 544)
3(800 804 802)
3(582 584 590)
3(846 840 838)
3(633 629 641)
3(897 885 889)
3(668 666 706)
3(962 922 924)
3(728 726 738)
3(994 982 984)
3(742 736 756)
3(1012 992 998)
3(754 744 764)
3(1020 1000 1010)
3(760 750 767)
3(1023 1006 1016)
3(759 749 763)
3(1019 1005 1015)
3(747 741 753)
3(1009 997 1003)
3(733 731 735)
3(991 987 989)
3(697 695 689)
3(945 951 953)
3(646 650 638)
3(894 906 902)
3(611 613 573)
3(829 869 867)
3(551 553 541)
3(797 809 807)
3(537 543 523)
3(779 799 793)
3(535 539 555)
3(811 795 791)
3(609 607 675)
3(931 863 865)
3(678 682 606)
3(862 938 934)
3(562 566 535)
3(791 822 818)
3(515 535 521)
3(777 791 771)
3(512 529 618)
3(874 785 768)
3(617 619 512)
3(768 875 873)
3(516 530 524)
3(780 786 772)
3(534 524 561)
3(817 780 790)
3(605 601 670)
3(926 857 861)
3(676 680 604)
3(860 936 932)
3(556 560 534)
3(790 816 812)
3(526 538 536)
3(792 794 782)
3(544 548 550)
3(806 804 800)
3(590 584 610)
3(866 840 846)
3(641 629 645)
3(901 885 897)
3(706 666 696)
3(952 922 962)
3(738 726 732)
3(988 982 994)
3(756 736 746)
3(1002 992 1012)
3(764 744 758)
3(1014 1000 1020)
3(767 750 761)
3(1017 1006 1023)
3(763 749 755)
3(1011 1005 1019)
3(753 741 743)
3(999 997 1009)
3(735 731 729)
3(985 987 991)
3(689 695 669)
3(925 951 945)
3(638 650 634)
3(890 906 894)
3(573 613 583)
3(839 869 829)
3(541 553 547)
3(803 809 797)
3(523 543 533)
3(789 799 779)
3(539 533 555)
3(811 789 795)
3(607 603 675)
3(931 859 863)
3(682 686 606)
3(862 942 938)
3(566 570 535)
3(791 826 822)
3(521 535 531)
3(787 791 777)
3(529 531 618)
3(874 787 785)
3(619 621 512)
3(768 877 875)
3(524 530 561)
3(817 786 780)
3(601 597 670)
3(926 853 857)
3(680 684 604)
3(860 940 936)
3(560 564 534)
3(790 820 816)
3(536 538 542)
3(798 794 792)
3(550 548 552)
3(808 804 806)
3(610 584 612)
3(868 840 866)
3(645 629 649)
3(905 885 901)
3(696 666 694)
3(950 922 952)
3(732 726 730)
3(986 982 988)
3(746 736 740)
3(996 992 1002)
3(758 744 748)
3(1004 1000 1014)
3(761 750 751)
3(1007 1006 1017)
3(755 749 745)
3(1001 1005 1011)
3(743 741 737)
3(993 997 999)
3(729 731 727)
3(983 987 985)
3(669 695 667)
3(923 951 925)
3(634 650 630)
3(886 906 890)
3(583 613 585)
3(841 869 839)
3(547 553 549)
3(805 809 803)
3(533 543 555)
3(811 799 789)
3(603 599 675)
3(931 855 859)
3(686 692 606)
3(862 948 942)
3(570 576 535)
3(791 832 826)
3(531 535 618)
3(874 791 787)
3(621 623 512)
3(768 879 877)
3(530 528 561)
3(817 784 786)
3(597 593 670)
3(926 849 853)
3(684 690 604)
3(860 946 940)
3(564 568 534)
3(790 824 820)
3(538 534 542)
3(798 790 794)
3(548 542 552)
3(808 798 804)
3(584 552 612)
3(868 808 840)
3(629 612 649)
3(905 868 885)
3(666 649 694)
3(950 905 922)
3(726 694 730)
3(986 950 982)
3(736 730 740)
3(996 986 992)
3(744 740 748)
3(1004 996 1000)
3(750 748 751)
3(1007 1004 1006)
3(749 751 745)
3(1001 1007 1005)
3(741 745 737)
3(993 1001 997)
3(731 737 727)
3(983 993 987)
3(695 727 667)
3(923 983 951)
3(650 667 630)
3(886 923 906)
3(613 630 585)
3(841 886 869)
3(553 585 549)
3(805 841 809)
3(543 549 555)
3(811 805 799)
3(599 595 675)
3(931 851 855)
3(692 700 606)
3(862 956 948)
3(535 576 618)
3(874 832 791)
3(623 625 512)
3(768 881 879)
3(561 528 565)
3(821 784 817)
3(593 587 670)
3(926 843 849)
3(690 698 604)
3(860 954 946)
3(568 574 534)
3(790 830 824)
3(542 534 552)
3(808 790 798)
3(612 552 649)
3(905 808 868)
3(694 649 730)
3(986 905 950)
3(740 730 748)
3(1004 986 996)
3(751 748 745)
3(1001 1004 1007)
3(737 745 727)
3(983 1001 993)
3(667 727 630)
3(886 983 923)
3(585 630 549)
3(805 886 841)
3(555 549 559)
3(815 805 811)
3(595 589 675)
3(931 845 851)
3(606 700 602)
3(858 956 862)
3(576 580 618)
3(874 836 832)
3(512 625 518)
3(774 881 768)
3(565 528 569)
3(825 784 821)
3(587 579 670)
3(926 835 843)
3(604 698 600)
3(856 954 860)
3(534 574 552)
3(808 830 790)
3(649 552 730)
3(986 808 905)
3(748 730 745)
3(1001 986 1004)
3(727 745 630)
3(886 1001 983)
3(559 549 563)
3(819 805 815)
3(589 581 675)
3(931 837 845)
3(602 700 598)
3(854 956 858)
3(580 588 618)
3(874 844 836)
3(625 627 518)
3(774 883 881)
3(569 528 575)
3(831 784 825)
3(670 579 673)
3(929 835 926)
3(600 698 596)
3(852 954 856)
3(574 578 552)
3(808 834 830)
3(630 745 549)
3(805 1001 886)
3(563 549 567)
3(823 805 819)
3(675 581 679)
3(935 837 931)
3(598 700 594)
3(850 956 854)
3(588 594 618)
3(874 850 844)
3(627 631 518)
3(774 887 883)
3(575 528 579)
3(835 784 831)
3(673 579 677)
3(933 835 929)
3(596 698 592)
3(848 954 852)
3(578 586 552)
3(808 842 834)
3(567 549 571)
3(827 805 823)
3(679 581 683)
3(939 837 935)
3(618 594 620)
3(876 850 874)
3(631 635 518)
3(774 891 887)
3(579 528 677)
3(933 784 835)
3(592 698 586)
3(842 954 848)
3(552 586 730)
3(986 842 808)
3(571 549 577)
3(833 805 827)
3(683 581 687)
3(943 837 939)
3(620 594 622)
3(878 850 876)
3(518 635 528)
3(784 891 774)
3(677 528 681)
3(937 784 933)
3(586 698 730)
3(986 954 842)
3(577 549 581)
3(837 805 833)
3(687 581 693)
3(949 837 943)
3(622 594 624)
3(880 850 878)
3(528 635 681)
3(937 891 784)
3(698 702 730)
3(986 958 954)
3(581 549 693)
3(949 805 837)
3(624 594 626)
3(882 850 880)
3(635 639 681)
3(937 895 891)
3(702 708 730)
3(986 964 958)
3(693 549 701)
3(957 805 949)
3(626 594 628)
3(884 850 882)
3(639 643 681)
3(937 899 895)
3(708 712 730)
3(986 968 964)
3(701 549 705)
3(961 805 957)
3(628 594 632)
3(888 850 884)
3(643 647 681)
3(937 903 899)
3(712 716 730)
3(986 972 968)
3(549 745 705)
3(961 1001 805)
3(594 700 632)
3(888 956 850)
3(647 651 681)
3(937 907 903)
3(716 720 730)
3(986 976 972)
3(705 745 711)
3(967 1001 961)
3(700 704 632)
3(888 960 956)
3(651 653 681)
3(937 909 907)
3(720 724 730)
3(986 980 976)
3(711 745 715)
3(971 1001 967)
3(632 704 636)
3(892 960 888)
3(653 655 681)
3(937 911 909)
3(724 721 730)
3(986 977 980)
3(715 745 719)
3(975 1001 971)
3(636 704 640)
3(896 960 892)
3(655 657 681)
3(937 913 911)
3(721 717 730)
3(986 973 977)
3(719 745 723)
3(979 1001 975)
3(640 704 644)
3(900 960 896)
3(657 659 681)
3(937 915 913)
3(730 717 745)
3(1001 973 986)
3(723 745 725)
3(981 1001 979)
3(644 704 648)
3(904 960 900)
3(659 661 681)
3(937 917 915)
3(717 713 745)
3(1001 969 973)
3(725 745 722)
3(978 1001 981)
3(648 704 652)
3(908 960 904)
3(661 663 681)
3(937 919 917)
3(713 709 745)
3(1001 965 969)
3(722 745 718)
3(974 1001 978)
3(652 704 654)
3(910 960 908)
3(663 665 681)
3(937 921 919)
3(709 703 745)
3(1001 959 965)
3(718 745 714)
3(970 1001 974)
3(704 710 654)
3(910 966 960)
3(665 664 681)
3(937 920 921)
3(703 699 745)
3(1001 955 959)
3(714 745 710)
3(966 1001 970)
3(654 710 656)
3(912 966 910)
3(664 662 681)
3(937 918 920)
3(699 691 745)
3(1001 947 955)
3(710 745 656)
3(912 1001 966)
3(681 662 685)
3(941 918 937)
3(691 685 745)
3(1001 941 947)
3(656 745 658)
3(914 1001 912)
3(662 660 685)
3(941 916 918)
3(658 745 660)
3(916 1001 914)
3(685 660 745)
3(1001 916 941)
3(671 675 931)
3(671 931 927)
3(674 671 927)
3(674 927 930)
3(558 555 811)
3(558 811 814)
3(525 517 773)
3(525 773 781)
3(517 515 771)
3(517 771 773)
3(519 513 769)
3(519 769 775)
3(513 512 768)
3(513 768 769)
3(614 616 872)
3(614 872 870)
3(615 614 870)
3(615 870 871)
3(520 514 770)
3(520 770 776)
3(514 516 772)
3(514 772 770)
3(554 557 813)
3(554 813 810)
3(608 604 860)
3(608 860 864)
3(672 670 926)
3(672 926 928)
3(532 522 778)
3(532 778 788)
3(522 526 782)
3(522 782 778)
3(546 540 796)
3(546 796 802)
3(540 544 800)
3(540 800 796)
3(582 572 828)
3(582 828 838)
3(572 590 846)
3(572 846 828)
3(633 637 893)
3(633 893 889)
3(637 641 897)
3(637 897 893)
3(668 688 944)
3(668 944 924)
3(688 706 962)
3(688 962 944)
3(728 734 990)
3(728 990 984)
3(734 738 994)
3(734 994 990)
3(742 752 1008)
3(742 1008 998)
3(752 756 1012)
3(752 1012 1008)
3(754 762 1018)
3(754 1018 1010)
3(762 764 1020)
3(762 1020 1018)
3(760 766 1022)
3(760 1022 1016)
3(766 767 1023)
3(766 1023 1022)
3(759 765 1021)
3(759 1021 1015)
3(765 763 1019)
3(765 1019 1021)
3(747 757 1013)
3(747 1013 1003)
3(757 753 1009)
3(757 1009 1013)
3(733 739 995)
3(733 995 989)
3(739 735 991)
3(739 991 995)
3(697 707 963)
3(697 963 953)
3(707 689 945)
3(707 945 963)
3(646 642 898)
3(646 898 902)
3(642 638 894)
3(642 894 898)
3(611 591 847)
3(611 847 867)
3(591 573 829)
3(591 829 847)
3(551 545 801)
3(551 801 807)
3(545 541 797)
3(545 797 801)
3(537 527 783)
3(537 783 793)
3(527 523 779)
3(527 779 783)
3(609 606 862)
3(609 862 865)
3(678 674 930)
3(678 930 934)
3(562 558 814)
3(562 814 818)
3(535 525 781)
3(535 781 791)
3(529 519 775)
3(529 775 785)
3(616 618 874)
3(616 874 872)
3(617 615 871)
3(617 871 873)
3(530 520 776)
3(530 776 786)
3(557 561 817)
3(557 817 813)
3(605 608 864)
3(605 864 861)
3(676 672 928)
3(676 928 932)
3(556 554 810)
3(556 810 812)
3(538 532 788)
3(538 788 794)
3(548 546 802)
3(548 802 804)
3(584 582 838)
3(584 838 840)
3(629 633 889)
3(629 889 885)
3(666 668 924)
3(666 924 922)
3(726 728 984)
3(726 984 982)
3(736 742 998)
3(736 998 992)
3(744 754 1010)
3(744 1010 1000)
3(750 760 1016)
3(750 1016 1006)
3(749 759 1015)
3(749 1015 1005)
3(741 747 1003)
3(741 1003 997)
3(731 733 989)
3(731 989 987)
3(695 697 953)
3(695 953 951)
3(650 646 902)
3(650 902 906)
3(613 611 867)
3(613 867 869)
3(553 551 807)
3(553 807 809)
3(543 537 793)
3(543 793 799)
3(539 535 791)
3(539 791 795)
3(607 609 865)
3(607 865 863)
3(682 678 934)
3(682 934 938)
3(566 562 818)
3(566 818 822)
3(515 521 777)
3(515 777 771)
3(619 617 873)
3(619 873 875)
3(516 524 780)
3(516 780 772)
3(524 534 790)
3(524 790 780)
3(601 605 861)
3(601 861 857)
3(680 676 932)
3(680 932 936)
3(560 556 812)
3(560 812 816)
3(526 536 792)
3(526 792 782)
3(544 550 806)
3(544 806 800)
3(590 610 866)
3(590 866 846)
3(641 645 901)
3(641 901 897)
3(706 696 952)
3(706 952 962)
3(738 732 988)
3(738 988 994)
3(756 746 1002)
3(756 1002 1012)
3(764 758 1014)
3(764 1014 1020)
3(767 761 1017)
3(767 1017 1023)
3(763 755 1011)
3(763 1011 1019)
3(753 743 999)
3(753 999 1009)
3(735 729 985)
3(735 985 991)
3(689 669 925)
3(689 925 945)
3(638 634 890)
3(638 890 894)
3(573 583 839)
3(573 839 829)
3(541 547 803)
3(541 803 797)
3(523 533 789)
3(523 789 779)
3(533 539 795)
3(533 795 789)
3(603 607 863)
3(603 863 859)
3(686 682 938)
3(686 938 942)
3(570 566 822)
3(570 822 826)
3(521 531 787)
3(521 787 777)
3(531 529 785)
3(531 785 787)
3(621 619 875)
3(621 875 877)
3(597 601 857)
3(597 857 853)
3(684 680 936)
3(684 936 940)
3(564 560 816)
3(564 816 820)
3(536 542 798)
3(536 798 792)
3(550 552 808)
3(550 808 806)
3(610 612 868)
3(610 868 866)
3(645 649 905)
3(645 905 901)
3(696 694 950)
3(696 950 952)
3(732 730 986)
3(732 986 988)
3(746 740 996)
3(746 996 1002)
3(758 748 1004)
3(758 1004 1014)
3(761 751 1007)
3(761 1007 1017)
3(755 745 1001)
3(755 1001 1011)
3(743 737 993)
3(743 993 999)
3(729 727 983)
3(729 983 985)
3(669 667 923)
3(669 923 925)
3(634 630 886)
3(634 886 890)
3(583 585 841)
3(583 841 839)
3(547 549 805)
3(547 805 803)
3(599 603 859)
3(599 859 855)
3(692 686 942)
3(692 942 948)
3(576 570 826)
3(576 826 832)
3(623 621 877)
3(623 877 879)
3(528 530 786)
3(528 786 784)
3(593 597 853)
3(593 853 849)
3(690 684 940)
3(690 940 946)
3(568 564 820)
3(568 820 824)
3(534 538 794)
3(534 794 790)
3(542 548 804)
3(542 804 798)
3(552 584 840)
3(552 840 808)
3(612 629 885)
3(612 885 868)
3(649 666 922)
3(649 922 905)
3(694 726 982)
3(694 982 950)
3(730 736 992)
3(730 992 986)
3(740 744 1000)
3(740 1000 996)
3(748 750 1006)
3(748 1006 1004)
3(751 749 1005)
3(751 1005 1007)
3(745 741 997)
3(745 997 1001)
3(737 731 987)
3(737 987 993)
3(727 695 951)
3(727 951 983)
3(667 650 906)
3(667 906 923)
3(630 613 869)
3(630 869 886)
3(585 553 809)
3(585 809 841)
3(549 543 799)
3(549 799 805)
3(595 599 855)
3(595 855 851)
3(700 692 948)
3(700 948 956)
3(625 623 879)
3(625 879 881)
3(561 565 821)
3(561 821 817)
3(587 593 849)
3(587 849 843)
3(698 690 946)
3(698 946 954)
3(574 568 824)
3(574 824 830)
3(555 559 815)
3(555 815 811)
3(589 595 851)
3(589 851 845)
3(606 602 858)
3(606 858 862)
3(580 576 832)
3(580 832 836)
3(512 518 774)
3(512 774 768)
3(565 569 825)
3(565 825 821)
3(579 587 843)
3(579 843 835)
3(604 600 856)
3(604 856 860)
3(559 563 819)
3(559 819 815)
3(581 589 845)
3(581 845 837)
3(602 598 854)
3(602 854 858)
3(588 580 836)
3(588 836 844)
3(627 625 881)
3(627 881 883)
3(569 575 831)
3(569 831 825)
3(670 673 929)
3(670 929 926)
3(600 596 852)
3(600 852 856)
3(578 574 830)
3(578 830 834)
3(563 567 823)
3(563 823 819)
3(675 679 935)
3(675 935 931)
3(598 594 850)
3(598 850 854)
3(594 588 844)
3(594 844 850)
3(631 627 883)
3(631 883 887)
3(575 579 835)
3(575 835 831)
3(673 677 933)
3(673 933 929)
3(596 592 848)
3(596 848 852)
3(586 578 834)
3(586 834 842)
3(567 571 827)
3(567 827 823)
3(679 683 939)
3(679 939 935)
3(618 620 876)
3(618 876 874)
3(635 631 887)
3(635 887 891)
3(592 586 842)
3(592 842 848)
3(571 577 833)
3(571 833 827)
3(683 687 943)
3(683 943 939)
3(620 622 878)
3(620 878 876)
3(518 528 784)
3(518 784 774)
3(677 681 937)
3(677 937 933)
3(577 581 837)
3(577 837 833)
3(687 693 949)
3(687 949 943)
3(622 624 880)
3(622 880 878)
3(702 698 954)
3(702 954 958)
3(624 626 882)
3(624 882 880)
3(639 635 891)
3(639 891 895)
3(708 702 958)
3(708 958 964)
3(693 701 957)
3(693 957 949)
3(626 628 884)
3(626 884 882)
3(643 639 895)
3(643 895 899)
3(712 708 964)
3(712 964 968)
3(701 705 961)
3(701 961 957)
3(628 632 888)
3(628 888 884)
3(647 643 899)
3(647 899 903)
3(716 712 968)
3(716 968 972)
3(651 647 903)
3(651 903 907)
3(720 716 972)
3(720 972 976)
3(705 711 967)
3(705 967 961)
3(704 700 956)
3(704 956 960)
3(653 651 907)
3(653 907 909)
3(724 720 976)
3(724 976 980)
3(711 715 971)
3(711 971 967)
3(632 636 892)
3(632 892 888)
3(655 653 909)
3(655 909 911)
3(721 724 980)
3(721 980 977)
3(715 719 975)
3(715 975 971)
3(636 640 896)
3(636 896 892)
3(657 655 911)
3(657 911 913)
3(717 721 977)
3(717 977 973)
3(719 723 979)
3(719 979 975)
3(640 644 900)
3(640 900 896)
3(659 657 913)
3(659 913 915)
3(723 725 981)
3(723 981 979)
3(644 648 904)
3(644 904 900)
3(661 659 915)
3(661 915 917)
3(713 717 973)
3(713 973 969)
3(725 722 978)
3(725 978 981)
3(648 652 908)
3(648 908 904)
3(663 661 917)
3(663 917 919)
3(709 713 969)
3(709 969 965)
3(722 718 974)
3(722 974 978)
3(652 654 910)
3(652 910 908)
3(665 663 919)
3(665 919 921)
3(703 709 965)
3(703 965 959)
3(718 714 970)
3(718 970 974)
3(710 704 960)
3(710 960 966)
3(664 665 921)
3(664 921 920)
3(699 703 959)
3(699 959 955)
3(714 710 966)
3(714 966 970)
3(654 656 912)
3(654 912 910)
3(662 664 920)
3(662 920 918)
3(691 699 955)
3(691 955 947)
3(681 685 941)
3(681 941 937)
3(685 691 947)
3(685 947 941)
3(656 658 914)
3(656 914 912)
3(660 662 918)
3(660 918 916)
3(658 660 916)
3(658 916 914)
)

// ************************************************************************* //
