/*--------------------------------*- C++ -*----------------------------------*\
  =========                 |
  \\      /  F ield         | OpenFOAM: The Open Source CFD Toolbox
   \\    /   O peration     |
    \\  /    A nd           | Version: 13
     \\/     M anipulation  |
\*---------------------------------------------------------------------------*/
FoamFile
{
    version     2.0;
    format      ascii;
    class       labelList;
    location    "constant/polyMesh";
    object      neighbour;
}
// * * * * * * * * * * * * * * * * * * * * * * * * * * * * * * * * * * * * //
3774
(
1
28
29
30
57
31
32
6
33
34
35
36
39
10
37
38
40
41
42
43
44
45
46
47
48
49
50
51
52
53
54
55
56
58
59
60
61
62
62
63
64
65
66
67
68
69
70
71
72
73
74
75
76
77
78
79
80
81
82
83
84
85
86
87
88
89
90
91
92
93
93
94
95
96
97
98
99
100
101
102
103
104
105
106
107
108
109
110
111
112
113
113
114
115
116
117
117
118
119
120
121
122
123
124
125
126
127
128
129
130
131
132
133
134
135
136
137
138
139
140
141
142
142
143
144
145
146
147
148
148
149
149
150
150
151
151
152
152
153
153
154
154
155
155
156
157
158
159
160
161
162
163
164
164
165
165
166
166
167
167
177
168
169
170
171
172
173
174
175
176
193
236
177
178
179
180
181
182
183
184
185
186
217
187
188
218
189
190
191
191
192
193
194
195
196
197
198
199
199
200
201
202
203
203
204
205
205
206
207
208
209
210
211
212
213
214
215
216
217
218
219
220
221
222
223
224
225
226
227
228
229
230
231
232
233
234
235
236
237
238
239
240
241
242
243
244
245
246
247
248
249
250
251
252
253
254
255
256
257
257
258
259
260
261
263
262
263
263
264
266
266
320
320
790
265
321
321
267
267
791
266
792
322
267
323
793
268
794
324
324
376
376
269
325
325
795
377
377
270
796
796
326
326
798
271
327
327
797
797
799
272
800
800
328
328
802
273
329
329
801
801
803
274
276
276
330
330
804
275
331
331
277
277
805
276
806
332
332
277
333
333
807
278
808
808
334
334
810
279
335
335
809
809
811
280
340
340
336
336
812
281
337
337
341
341
813
282
814
284
284
283
815
285
285
284
816
338
285
339
817
286
818
818
342
342
820
287
343
343
819
819
821
288
822
822
344
344
824
289
345
345
823
823
825
290
826
826
346
346
828
291
347
347
827
827
829
292
830
830
348
348
832
293
349
349
831
831
833
294
834
834
350
350
836
295
351
351
835
835
837
296
838
838
352
352
840
297
353
353
839
839
841
298
842
842
354
354
844
299
355
355
843
843
845
300
846
846
356
356
848
301
357
357
847
847
849
302
850
850
358
358
852
303
359
359
851
851
853
304
854
854
360
360
856
305
361
361
855
855
857
306
858
858
362
362
860
307
363
363
859
859
861
308
862
862
364
364
864
309
365
365
863
863
865
310
866
866
366
366
868
311
367
367
867
867
869
312
870
870
368
368
872
313
369
369
871
871
873
314
874
874
370
370
876
315
371
371
875
875
877
316
878
878
372
372
880
317
373
373
879
879
881
318
882
882
374
374
884
319
375
375
883
883
885
320
886
378
378
321
379
379
887
322
888
380
380
323
381
381
889
324
890
382
382
325
383
383
891
326
892
892
384
384
327
385
385
893
893
328
894
894
386
386
329
387
387
895
895
330
386
386
896
331
387
387
897
332
898
388
388
333
389
389
899
334
900
900
390
390
335
391
391
901
901
336
392
392
902
337
393
393
903
282
904
394
394
283
395
395
905
338
906
396
396
339
397
397
907
340
908
398
398
341
399
399
909
342
910
910
400
400
343
401
401
911
911
344
912
912
402
402
345
403
403
913
913
346
914
914
404
404
347
405
405
915
915
348
916
916
406
406
349
407
407
917
917
350
918
918
408
408
351
409
409
919
919
352
920
920
410
410
353
411
411
921
921
354
922
922
412
412
355
413
413
923
923
356
924
924
414
414
357
415
415
925
925
358
926
926
416
416
359
417
417
927
927
360
928
928
418
418
361
419
419
929
929
362
930
930
420
420
363
421
421
931
931
364
932
932
422
422
365
423
423
933
933
366
934
934
424
424
367
425
425
935
935
368
936
936
426
426
369
427
427
937
937
370
938
938
428
428
371
429
429
939
939
372
940
940
430
430
373
431
431
941
941
374
942
942
432
432
375
433
433
943
943
376
944
434
434
377
435
435
945
378
946
436
379
437
947
380
948
438
438
381
439
439
949
382
950
440
440
383
441
441
951
384
442
442
952
952
385
443
443
953
953
386
444
444
387
445
445
388
954
446
446
389
447
447
955
390
448
448
956
956
391
449
449
957
957
392
958
958
448
448
393
449
449
959
959
394
960
450
450
395
451
451
961
396
962
452
452
397
453
453
963
398
964
454
454
399
455
455
965
400
456
456
966
966
401
457
457
967
967
402
458
458
968
968
403
459
459
969
969
404
460
460
970
970
405
461
461
971
971
406
462
462
972
972
407
463
463
973
973
408
464
464
974
974
409
465
465
975
975
410
466
466
976
976
411
467
467
977
977
412
468
468
978
978
413
469
469
979
979
414
470
470
980
980
415
471
471
981
981
416
472
472
982
982
417
473
473
983
983
418
474
474
984
984
419
475
475
985
985
420
476
476
986
986
421
477
477
987
987
422
478
478
988
988
423
479
479
989
989
424
480
480
990
990
425
481
481
991
991
426
482
482
992
992
427
483
483
993
993
428
484
484
994
994
429
485
485
995
995
430
486
486
996
996
431
487
487
997
997
432
488
488
998
998
433
489
489
999
999
434
1000
1000
488
488
435
489
489
1001
1001
436
1002
490
490
437
491
491
1003
438
1004
492
492
439
493
493
1005
440
1006
494
494
441
495
495
1007
442
496
1008
1008
443
497
1009
1009
444
1010
496
496
445
497
497
1011
446
1012
498
498
447
499
499
1013
448
500
500
449
501
501
450
1014
502
502
451
503
503
1015
452
1016
504
504
453
505
505
1017
454
1018
506
506
455
507
507
1019
456
508
1020
1020
457
509
1021
1021
458
510
1022
1022
459
511
1023
1023
460
512
1024
1024
461
513
1025
1025
462
514
1026
1026
463
515
1027
1027
464
516
1028
1028
465
517
1029
1029
466
518
1030
1030
467
519
1031
1031
468
520
1032
1032
469
521
1033
1033
470
522
1034
1034
471
523
1035
1035
472
524
1036
1036
473
525
1037
1037
474
526
1038
1038
475
527
1039
1039
476
528
1040
1040
477
529
1041
1041
478
530
1042
1042
479
531
1043
1043
480
532
1044
1044
481
533
1045
1045
482
534
1046
1046
483
535
1047
1047
484
536
1048
1048
485
537
1049
1049
486
538
1050
1050
487
539
1051
1051
488
540
540
489
541
541
490
1052
542
542
491
543
543
1053
492
1054
544
544
493
545
545
1055
494
1056
546
546
495
547
547
1057
496
546
546
497
547
547
498
1058
548
548
499
549
549
1059
500
1060
550
550
501
551
551
1061
502
1062
552
552
503
553
553
1063
504
1064
554
554
505
555
555
1065
506
1066
556
556
507
557
557
1067
508
1068
558
558
509
559
559
1069
510
1070
558
558
511
559
559
1071
512
1072
560
560
513
561
561
1073
514
1074
560
560
515
561
561
1075
516
1076
562
562
517
563
563
1077
518
1078
562
562
519
563
563
1079
520
1080
564
564
521
565
565
1081
522
1082
564
564
523
565
565
1083
524
1084
566
566
525
567
567
1085
526
1086
566
566
527
567
567
1087
528
1088
568
568
529
569
569
1089
530
1090
568
568
531
569
569
1091
532
1092
570
570
533
571
571
1093
534
1094
570
570
535
571
571
1095
536
1096
572
572
537
573
573
1097
538
1098
572
572
539
573
573
1099
540
1100
574
574
541
575
575
1101
542
1102
576
576
543
577
577
1103
544
1104
578
578
545
579
579
1105
546
580
580
547
581
581
548
1106
582
582
549
583
583
1107
550
584
584
1108
551
585
585
1109
552
1110
586
586
553
587
587
1111
554
1112
588
588
555
589
589
1113
556
1114
590
590
557
591
591
1115
558
590
590
559
591
591
560
592
592
561
593
593
562
592
592
563
593
593
564
594
594
565
595
595
566
594
594
567
595
595
568
596
596
569
597
597
570
596
596
571
597
597
572
616
616
573
617
617
574
598
598
1116
575
599
599
1117
576
1118
600
600
577
601
601
1119
578
602
602
1120
579
603
603
1121
580
1122
604
604
581
605
605
1123
582
606
606
1124
1124
583
607
607
1125
1125
584
608
608
1126
585
609
609
1127
586
1128
610
610
587
611
611
1129
588
612
612
1130
589
613
613
1131
590
614
614
591
615
615
592
648
648
593
649
649
594
734
734
595
735
735
596
616
616
597
617
617
598
618
618
1132
599
619
619
1133
600
1134
620
620
601
621
621
1135
602
622
622
1136
603
623
623
1137
604
1138
624
624
605
625
625
1139
606
1140
626
626
607
627
627
1141
608
628
628
1142
609
629
629
1143
610
630
630
1144
611
631
631
1145
612
632
632
1146
613
633
633
1147
614
1148
634
634
615
635
635
1149
616
696
696
617
697
697
618
636
636
1150
619
637
637
1151
620
638
638
1152
621
639
639
1153
622
698
698
1154
623
699
699
1155
624
1156
640
640
625
641
641
1157
626
1158
642
642
627
643
643
1159
628
644
644
1160
629
645
645
1161
630
644
644
1162
631
645
645
1163
632
646
646
1164
633
647
647
1165
634
1166
648
648
635
649
649
1167
636
650
650
1168
637
651
651
1169
638
652
652
1170
639
653
653
1171
640
654
654
1172
641
655
655
1173
642
1174
656
656
643
657
657
1175
644
658
658
645
659
659
646
660
660
1176
647
661
661
1177
648
660
660
649
661
661
650
662
662
1178
651
663
663
1179
652
664
664
1180
653
665
665
1181
654
666
666
1182
655
667
667
1183
656
668
668
1184
1184
657
669
669
1185
1185
658
668
668
1186
659
669
669
1187
660
670
670
661
671
671
662
672
672
1188
663
673
673
1189
664
672
672
1190
665
673
673
1191
666
674
674
1192
667
675
675
1193
668
676
676
669
677
677
670
1194
678
678
671
679
679
1195
672
680
680
673
681
681
674
682
682
1196
675
683
683
1197
676
1198
684
684
677
685
685
1199
678
1200
686
686
679
687
687
1201
680
688
688
1202
681
689
689
1203
682
690
690
1204
683
691
691
1205
684
1206
692
692
685
693
693
1207
686
1208
694
694
687
695
695
1209
688
696
696
1210
689
697
697
1211
690
698
698
1212
691
699
699
1213
692
1214
700
700
693
701
701
1215
694
1216
702
702
695
703
703
1217
696
704
704
697
705
705
698
706
706
699
707
707
700
1218
708
708
701
709
709
1219
702
1220
710
710
703
711
711
1221
704
712
712
1222
705
713
713
1223
706
1224
714
714
707
715
715
1225
708
1226
716
716
709
717
717
1227
710
1228
718
718
711
719
719
1229
712
720
720
1230
713
721
721
1231
714
722
722
1232
715
723
723
1233
716
1234
724
717
725
1235
718
1236
726
726
719
727
727
1237
720
728
728
1238
721
729
729
1239
722
730
730
1240
723
731
731
1241
724
1242
732
732
725
733
733
1243
726
1244
734
734
727
735
735
1245
728
736
736
1246
729
737
737
1247
730
738
738
1248
731
739
739
1249
732
1250
740
740
733
741
741
1251
734
742
742
735
743
743
736
744
744
1252
737
745
745
1253
738
746
746
1254
739
747
747
1255
740
1256
748
748
741
749
749
1257
742
1258
750
750
743
751
751
1259
744
752
752
1260
745
753
753
1261
746
754
754
1262
747
755
755
1263
748
1264
756
756
749
757
757
1265
750
1266
758
758
751
759
759
1267
752
760
760
1268
753
761
761
1269
754
762
762
1270
755
763
763
1271
756
1272
764
764
757
765
765
1273
758
1274
766
766
759
767
767
1275
760
768
768
1276
761
769
769
1277
762
1278
770
770
763
771
771
1279
764
1280
772
772
765
773
773
1281
766
1282
774
774
767
775
775
1283
768
776
776
1284
769
777
777
1285
770
776
776
1286
771
777
777
1287
772
1288
778
778
773
779
779
1289
774
1290
780
780
775
781
781
1291
776
782
782
777
783
783
778
784
784
1292
779
785
785
1293
780
1294
788
788
781
789
789
1295
782
786
786
1296
783
787
787
1297
784
1298
788
788
785
789
789
1299
786
788
788
1300
787
789
789
1301
788
789
790
1153
791
791
791
792
792
793
793
793
888
794
1117
795
795
795
890
796
799
797
797
797
892
798
953
799
799
799
800
803
801
801
801
894
802
1125
803
803
803
804
897
805
805
805
806
806
807
807
807
898
808
811
809
809
809
900
810
957
811
811
811
812
903
813
813
813
908
814
1131
815
815
815
904
816
1145
817
817
817
906
818
821
819
819
819
910
820
967
821
821
821
822
825
823
823
823
912
824
969
825
825
825
826
829
827
827
827
914
828
971
829
829
829
830
833
831
831
831
916
832
973
833
833
833
834
837
835
835
835
918
836
975
837
837
837
838
841
839
839
839
920
840
977
841
841
841
842
845
843
843
843
922
844
979
845
845
845
846
849
847
847
847
924
848
981
849
849
849
850
853
851
851
851
926
852
983
853
853
853
854
857
855
855
855
928
856
985
857
857
857
858
861
859
859
859
930
860
987
861
861
861
862
865
863
863
863
932
864
989
865
865
865
866
869
867
867
867
934
868
991
869
869
869
870
873
871
871
871
936
872
993
873
873
873
874
877
875
875
875
938
876
995
877
877
877
878
881
879
879
879
940
880
997
881
881
881
882
885
883
883
883
942
884
999
885
885
885
886
1121
887
887
887
946
888
889
889
889
948
890
891
891
891
950
892
893
893
893
944
894
895
895
895
1010
896
1173
897
897
897
898
899
899
899
954
900
901
901
901
1060
902
1109
903
903
903
904
905
905
905
960
906
907
907
907
962
908
909
909
909
964
910
911
911
911
1068
912
913
913
913
1070
914
915
915
915
1072
916
917
917
917
1074
918
919
919
919
1076
920
921
921
921
1078
922
923
923
923
1080
924
925
925
925
1082
926
927
927
927
1084
928
929
929
929
1086
930
931
931
931
1088
932
933
933
933
1090
934
935
935
935
1092
936
937
937
937
1094
938
939
939
939
1096
940
941
941
941
1098
942
943
943
943
1100
944
945
945
945
1000
946
947
947
947
1002
948
949
949
949
1004
950
951
951
951
1006
952
1009
953
953
953
954
955
955
955
1012
956
959
957
957
957
958
1069
959
959
959
960
961
961
961
1014
962
963
963
963
1016
964
965
965
965
1018
966
1021
967
967
967
968
1023
969
969
969
970
1025
971
971
971
972
1027
973
973
973
974
1029
975
975
975
976
1031
977
977
977
978
1033
979
979
979
980
1035
981
981
981
982
1037
983
983
983
984
1039
985
985
985
986
1041
987
987
987
988
1043
989
989
989
990
1045
991
991
991
992
1047
993
993
993
994
1049
995
995
995
996
1051
997
997
997
998
1001
999
999
999
1000
1001
1001
1001
1002
1003
1003
1003
1052
1004
1005
1005
1005
1054
1006
1007
1007
1007
1056
1008
1011
1009
1009
1009
1010
1011
1011
1011
1012
1013
1013
1013
1058
1014
1015
1015
1015
1062
1016
1017
1017
1017
1064
1018
1019
1019
1019
1066
1020
1071
1021
1021
1021
1022
1073
1023
1023
1023
1024
1075
1025
1025
1025
1026
1077
1027
1027
1027
1028
1079
1029
1029
1029
1030
1081
1031
1031
1031
1032
1083
1033
1033
1033
1034
1085
1035
1035
1035
1036
1087
1037
1037
1037
1038
1089
1039
1039
1039
1040
1091
1041
1041
1041
1042
1093
1043
1043
1043
1044
1095
1045
1045
1045
1046
1097
1047
1047
1047
1048
1099
1049
1049
1049
1050
1101
1051
1051
1051
1052
1053
1053
1053
1102
1054
1055
1055
1055
1104
1056
1057
1057
1057
1122
1058
1059
1059
1059
1106
1060
1061
1061
1061
1184
1062
1063
1063
1063
1110
1064
1065
1065
1065
1112
1066
1067
1067
1067
1114
1068
1069
1069
1069
1070
1071
1071
1071
1072
1073
1073
1073
1074
1075
1075
1075
1076
1077
1077
1077
1078
1079
1079
1079
1080
1081
1081
1081
1082
1083
1083
1083
1084
1085
1085
1085
1086
1087
1087
1087
1088
1089
1089
1089
1090
1091
1091
1091
1092
1093
1093
1093
1094
1095
1095
1095
1096
1097
1097
1097
1098
1099
1099
1099
1100
1101
1101
1101
1102
1103
1103
1103
1118
1104
1105
1105
1105
1224
1106
1107
1107
1107
1140
1108
1127
1109
1109
1109
1110
1111
1111
1111
1128
1112
1113
1113
1113
1194
1114
1115
1115
1115
1148
1116
1133
1117
1117
1117
1118
1119
1119
1119
1134
1120
1137
1121
1121
1121
1122
1123
1123
1123
1138
1124
1185
1125
1125
1125
1126
1143
1127
1127
1127
1128
1129
1129
1129
1160
1130
1147
1131
1131
1131
1132
1151
1133
1133
1133
1134
1135
1135
1135
1188
1136
1155
1137
1137
1137
1138
1139
1139
1139
1156
1140
1141
1141
1141
1158
1142
1161
1143
1143
1143
1144
1163
1145
1145
1145
1146
1165
1147
1147
1147
1148
1149
1149
1149
1166
1150
1169
1151
1151
1151
1152
1171
1153
1153
1153
1154
1157
1155
1155
1155
1156
1157
1157
1157
1158
1159
1159
1159
1174
1160
1161
1161
1161
1162
1187
1163
1163
1163
1164
1177
1165
1165
1165
1166
1167
1167
1167
1176
1168
1179
1169
1169
1169
1170
1181
1171
1171
1171
1172
1183
1173
1173
1173
1174
1175
1175
1175
1198
1176
1177
1177
1177
1178
1189
1179
1179
1179
1180
1191
1181
1181
1181
1182
1193
1183
1183
1183
1184
1185
1185
1185
1186
1293
1187
1187
1187
1188
1189
1189
1189
1190
1203
1191
1191
1191
1192
1197
1193
1193
1193
1194
1195
1195
1195
1200
1196
1205
1197
1197
1197
1198
1199
1199
1199
1206
1200
1201
1201
1201
1208
1202
1211
1203
1203
1203
1204
1213
1205
1205
1205
1206
1207
1207
1207
1214
1208
1209
1209
1209
1216
1210
1223
1211
1211
1211
1212
1233
1213
1213
1213
1214
1215
1215
1215
1218
1216
1217
1217
1217
1220
1218
1219
1219
1219
1226
1220
1221
1221
1221
1228
1222
1231
1223
1223
1223
1224
1225
1225
1225
1278
1226
1227
1227
1227
1234
1228
1229
1229
1229
1236
1230
1239
1231
1231
1231
1232
1241
1233
1233
1233
1234
1235
1235
1235
1242
1236
1237
1237
1237
1244
1238
1247
1239
1239
1239
1240
1249
1241
1241
1241
1242
1243
1243
1243
1250
1244
1245
1245
1245
1258
1246
1253
1247
1247
1247
1248
1255
1249
1249
1249
1250
1251
1251
1251
1256
1252
1261
1253
1253
1253
1254
1263
1255
1255
1255
1256
1257
1257
1257
1264
1258
1259
1259
1259
1266
1260
1269
1261
1261
1261
1262
1271
1263
1263
1263
1264
1265
1265
1265
1272
1266
1267
1267
1267
1274
1268
1277
1269
1269
1269
1270
1287
1271
1271
1271
1272
1273
1273
1273
1280
1274
1275
1275
1275
1282
1276
1285
1277
1277
1277
1278
1279
1279
1279
1284
1280
1281
1281
1281
1288
1282
1283
1283
1283
1290
1284
1285
1285
1285
1286
1297
1287
1287
1287
1288
1289
1289
1289
1298
1290
1291
1291
1291
1294
1292
1295
1293
1293
1293
1294
1295
1295
1295
1296
1301
1297
1297
1297
1298
1299
1299
1299
1300
1300
1301
1301
1301
)

// ************************************************************************* //
