/*--------------------------------*- C++ -*----------------------------------*\
  =========                 |
  \\      /  F ield         | OpenFOAM: The Open Source CFD Toolbox
   \\    /   O peration     |
    \\  /    A nd           | Version: 13
     \\/     M anipulation  |
\*---------------------------------------------------------------------------*/
FoamFile
{
    version     2.0;
    format      ascii;
    class       faceList;
    location    "constant/polyMesh";
    object      faces;
}
// * * * * * * * * * * * * * * * * * * * * * * * * * * * * * * * * * * * * //
636
(
4(1 2 162 161)
4(79 80 240 239)
4(82 79 239 242)
4(79 77 237 239)
4(79 75 235 239)
4(79 73 233 239)
4(79 84 244 239)
4(85 79 239 245)
4(84 85 245 244)
4(79 74 234 239)
4(74 73 233 234)
4(79 76 236 239)
4(79 78 238 239)
4(79 81 241 239)
4(83 79 239 243)
4(7 6 166 167)
4(6 5 165 166)
4(7 8 168 167)
4(19 18 178 179)
4(18 17 177 178)
4(19 20 180 179)
4(13 12 172 173)
4(12 11 171 172)
4(13 14 174 173)
4(48 45 205 208)
4(47 48 208 207)
4(46 45 205 206)
4(158 157 317 318)
4(157 156 316 317)
4(154 157 317 314)
4(155 154 314 315)
4(150 149 309 310)
4(149 148 308 309)
4(150 151 311 310)
4(149 146 306 309)
4(147 146 306 307)
4(6 3 163 166)
4(4 3 163 164)
4(2 3 163 162)
4(12 9 169 172)
4(10 9 169 170)
4(9 8 168 169)
4(21 24 184 181)
4(22 21 181 182)
4(23 24 184 183)
4(21 20 180 181)
4(18 15 175 178)
4(16 15 175 176)
4(15 14 174 175)
4(46 43 203 206)
4(44 43 203 204)
4(49 48 208 209)
4(49 50 210 209)
4(49 52 212 209)
4(51 52 212 211)
4(70 67 227 230)
4(69 70 230 229)
4(68 67 227 228)
4(70 71 231 230)
4(71 72 232 231)
4(66 67 227 226)
4(66 65 225 226)
4(155 152 312 315)
4(153 152 312 313)
4(152 151 311 312)
4(98 101 261 258)
4(99 98 258 259)
4(100 101 261 260)
4(145 146 306 305)
4(145 144 304 305)
4(44 41 201 204)
4(42 41 201 202)
4(53 52 212 213)
4(53 54 214 213)
4(53 56 216 213)
4(55 56 216 215)
4(57 56 216 217)
4(57 58 218 217)
4(87 84 244 247)
4(86 87 247 246)
4(71 74 234 231)
4(92 91 251 252)
4(91 90 250 251)
4(92 93 253 252)
4(95 92 252 255)
4(94 95 255 254)
4(96 95 255 256)
4(96 97 257 256)
4(99 96 256 259)
4(42 39 199 202)
4(40 39 199 200)
4(59 58 218 219)
4(59 60 220 219)
4(89 90 250 249)
4(89 88 248 249)
4(86 89 249 246)
4(145 142 302 305)
4(143 142 302 303)
4(141 142 302 301)
4(141 140 300 301)
4(141 138 298 301)
4(139 138 298 299)
4(137 138 298 297)
4(137 136 296 297)
4(131 128 288 291)
4(130 131 291 290)
4(129 128 288 289)
4(131 132 292 291)
4(132 133 293 292)
4(120 123 283 280)
4(121 120 280 281)
4(122 123 283 282)
4(108 111 271 268)
4(109 108 268 269)
4(110 111 271 270)
4(104 103 263 264)
4(103 102 262 263)
4(104 105 265 264)
4(100 103 263 260)
4(106 105 265 266)
4(106 107 267 266)
4(109 106 266 269)
4(40 37 197 200)
4(38 37 197 198)
4(66 63 223 226)
4(64 63 223 224)
4(117 114 274 277)
4(116 117 277 276)
4(115 114 274 275)
4(132 135 295 292)
4(134 135 295 294)
4(135 136 296 295)
4(122 125 285 282)
4(124 125 285 284)
4(113 114 274 273)
4(113 112 272 273)
4(110 113 273 270)
4(38 35 195 198)
4(36 35 195 196)
4(61 60 220 221)
4(61 62 222 221)
4(64 61 221 224)
4(119 120 280 279)
4(119 118 278 279)
4(116 119 279 276)
4(127 128 288 287)
4(127 126 286 287)
4(124 127 287 284)
4(36 33 193 196)
4(34 33 193 194)
4(34 31 191 194)
4(32 31 191 192)
4(25 24 184 185)
4(25 26 186 185)
4(25 28 188 185)
4(27 28 188 187)
4(32 29 189 192)
4(30 29 189 190)
4(29 28 188 189)
3(0 2 1)
3(161 162 160)
4(2 0 160 162)
4(0 1 161 160)
3(82 80 79)
3(239 240 242)
4(80 82 242 240)
3(77 79 80)
3(240 239 237)
4(77 80 240 237)
3(77 75 79)
3(239 235 237)
4(75 77 237 235)
3(75 73 79)
3(239 233 235)
4(73 75 235 233)
3(85 84 79)
3(239 244 245)
3(82 79 84)
3(244 239 242)
4(82 84 244 242)
3(73 74 79)
3(239 234 233)
3(76 79 74)
3(234 239 236)
4(76 74 234 236)
3(76 78 79)
3(239 238 236)
4(78 76 236 238)
3(79 78 81)
3(241 238 239)
4(81 78 238 241)
3(85 79 83)
3(243 239 245)
4(85 83 243 245)
3(79 81 83)
3(243 241 239)
4(83 81 241 243)
3(6 7 5)
3(165 167 166)
4(5 7 167 165)
3(6 8 7)
3(167 168 166)
4(8 6 166 168)
3(18 19 17)
3(177 179 178)
4(17 19 179 177)
3(20 19 18)
3(178 179 180)
4(20 18 178 180)
3(11 12 13)
3(173 172 171)
4(11 13 173 171)
3(14 13 12)
3(172 173 174)
4(14 12 172 174)
3(48 47 45)
3(205 207 208)
4(45 47 207 205)
3(46 48 45)
3(205 208 206)
4(48 46 206 208)
3(158 156 157)
3(317 316 318)
4(156 158 318 316)
3(158 157 159)
3(319 317 318)
4(159 157 317 319)
4(158 159 319 318)
3(154 155 157)
3(317 315 314)
4(157 155 315 317)
3(154 157 156)
3(316 317 314)
4(154 156 316 314)
3(149 150 148)
3(308 310 309)
4(148 150 310 308)
3(151 150 149)
3(309 310 311)
4(151 149 309 311)
3(149 148 146)
3(306 308 309)
4(146 148 308 306)
3(147 149 146)
3(306 309 307)
4(149 147 307 309)
3(6 5 3)
3(163 165 166)
4(3 5 165 163)
3(6 3 4)
3(164 163 166)
4(6 4 164 166)
3(2 4 3)
3(163 164 162)
4(4 2 162 164)
3(2 3 1)
3(161 163 162)
4(1 3 163 161)
3(11 9 12)
3(172 169 171)
4(9 11 171 169)
3(10 12 9)
3(169 172 170)
4(12 10 170 172)
3(8 9 7)
3(167 169 168)
4(7 9 169 167)
3(10 9 8)
3(168 169 170)
4(10 8 168 170)
3(24 21 22)
3(182 181 184)
4(24 22 182 184)
3(23 21 24)
3(184 181 183)
4(21 23 183 181)
3(20 21 19)
3(179 181 180)
4(19 21 181 179)
3(20 22 21)
3(181 182 180)
4(22 20 180 182)
3(18 17 15)
3(175 177 178)
4(15 17 177 175)
3(16 18 15)
3(175 178 176)
4(18 16 176 178)
3(14 15 13)
3(173 175 174)
4(13 15 175 173)
3(14 16 15)
3(175 176 174)
4(16 14 174 176)
3(46 45 43)
3(203 205 206)
4(43 45 205 203)
3(46 43 44)
3(204 203 206)
4(46 44 204 206)
3(48 49 47)
3(207 209 208)
4(47 49 209 207)
3(50 49 48)
3(208 209 210)
4(50 48 208 210)
3(50 52 49)
3(209 212 210)
4(52 50 210 212)
3(52 51 49)
3(209 211 212)
4(49 51 211 209)
3(69 67 70)
3(230 227 229)
4(67 69 229 227)
3(68 70 67)
3(227 230 228)
4(70 68 228 230)
3(71 70 72)
3(232 230 231)
4(72 70 230 232)
3(71 69 70)
3(230 229 231)
4(69 71 231 229)
3(68 67 66)
3(226 227 228)
4(68 66 226 228)
3(65 66 67)
3(227 226 225)
4(65 67 227 225)
3(154 152 155)
3(315 312 314)
4(152 154 314 312)
3(153 155 152)
3(312 315 313)
4(155 153 313 315)
3(151 152 150)
3(310 312 311)
4(150 152 312 310)
3(151 153 152)
3(312 313 311)
4(153 151 311 313)
3(99 101 98)
3(258 261 259)
4(101 99 259 261)
3(100 98 101)
3(261 258 260)
4(98 100 260 258)
3(147 146 145)
3(305 306 307)
4(147 145 305 307)
3(144 145 146)
3(306 305 304)
4(144 146 306 304)
3(44 43 41)
3(201 203 204)
4(41 43 203 201)
3(42 44 41)
3(201 204 202)
4(44 42 202 204)
3(52 53 51)
3(211 213 212)
4(51 53 213 211)
3(54 53 52)
3(212 213 214)
4(54 52 212 214)
3(54 56 53)
3(213 216 214)
4(56 54 214 216)
3(56 55 53)
3(213 215 216)
4(53 55 215 213)
3(56 57 55)
3(215 217 216)
4(55 57 217 215)
3(58 57 56)
3(216 217 218)
4(58 56 216 218)
3(86 84 87)
3(247 244 246)
4(84 86 246 244)
3(85 87 84)
3(244 247 245)
4(87 85 245 247)
3(71 72 74)
3(234 232 231)
4(74 72 232 234)
3(71 74 73)
3(233 234 231)
4(71 73 233 231)
3(90 91 92)
3(252 251 250)
4(90 92 252 250)
3(91 93 92)
3(252 253 251)
4(93 91 251 253)
3(95 94 92)
3(252 254 255)
4(92 94 254 252)
3(95 92 93)
3(253 252 255)
4(95 93 253 255)
3(95 96 94)
3(254 256 255)
4(94 96 256 254)
3(95 97 96)
3(256 257 255)
4(97 95 255 257)
3(99 98 96)
3(256 258 259)
4(96 98 258 256)
3(99 96 97)
3(257 256 259)
4(99 97 257 259)
3(42 41 39)
3(199 201 202)
4(39 41 201 199)
3(42 39 40)
3(200 199 202)
4(42 40 200 202)
3(58 59 57)
3(217 219 218)
4(57 59 219 217)
3(58 60 59)
3(219 220 218)
4(60 58 218 220)
3(90 89 91)
3(251 249 250)
4(91 89 249 251)
3(90 88 89)
3(249 248 250)
4(88 90 250 248)
3(86 87 89)
3(249 247 246)
4(89 87 247 249)
3(86 89 88)
3(248 249 246)
4(86 88 248 246)
3(144 142 145)
3(305 302 304)
4(142 144 304 302)
3(143 145 142)
3(302 305 303)
4(145 143 303 305)
3(143 142 141)
3(301 302 303)
4(143 141 301 303)
3(141 142 140)
3(300 302 301)
4(140 142 302 300)
3(141 140 138)
3(298 300 301)
4(138 140 300 298)
3(139 141 138)
3(298 301 299)
4(141 139 299 301)
3(139 138 137)
3(297 298 299)
4(139 137 297 299)
3(136 137 138)
3(298 297 296)
4(136 138 298 296)
3(128 131 130)
3(290 291 288)
4(128 130 290 288)
3(128 129 131)
3(291 289 288)
4(131 129 289 291)
3(132 131 133)
3(293 291 292)
4(133 131 291 293)
3(132 130 131)
3(291 290 292)
4(130 132 292 290)
3(120 121 123)
3(283 281 280)
4(123 121 281 283)
3(122 120 123)
3(283 280 282)
4(120 122 282 280)
3(109 111 108)
3(268 271 269)
4(111 109 269 271)
3(110 108 111)
3(271 268 270)
4(108 110 270 268)
3(104 102 103)
3(263 262 264)
4(102 104 264 262)
3(105 104 103)
3(263 264 265)
4(105 103 263 265)
3(100 101 103)
3(263 261 260)
4(103 101 261 263)
3(100 103 102)
3(262 263 260)
4(100 102 262 260)
3(105 106 104)
3(264 266 265)
4(104 106 266 264)
3(105 107 106)
3(266 267 265)
4(107 105 265 267)
3(109 108 106)
3(266 268 269)
4(106 108 268 266)
3(109 106 107)
3(267 266 269)
4(109 107 267 269)
3(40 39 37)
3(197 199 200)
4(37 39 199 197)
3(38 40 37)
3(197 200 198)
4(40 38 198 200)
3(65 63 66)
3(226 223 225)
4(63 65 225 223)
3(64 66 63)
3(223 226 224)
4(66 64 224 226)
3(116 114 117)
3(277 274 276)
4(114 116 276 274)
3(115 117 114)
3(274 277 275)
4(117 115 275 277)
3(132 133 135)
3(295 293 292)
4(135 133 293 295)
3(132 135 134)
3(294 295 292)
4(132 134 294 292)
3(136 135 137)
3(297 295 296)
4(137 135 295 297)
3(136 134 135)
3(295 294 296)
4(134 136 296 294)
3(122 123 125)
3(285 283 282)
4(125 123 283 285)
3(122 125 124)
3(284 285 282)
4(122 124 284 282)
3(115 114 113)
3(273 274 275)
4(115 113 273 275)
3(114 112 113)
3(273 272 274)
4(112 114 274 272)
3(110 111 113)
3(273 271 270)
4(113 111 271 273)
3(110 113 112)
3(272 273 270)
4(110 112 272 270)
3(38 37 35)
3(195 197 198)
4(35 37 197 195)
3(38 35 36)
3(196 195 198)
4(38 36 196 198)
3(60 61 59)
3(219 221 220)
4(59 61 221 219)
3(60 62 61)
3(221 222 220)
4(62 60 220 222)
3(64 63 61)
3(221 223 224)
4(61 63 223 221)
3(64 61 62)
3(222 221 224)
4(64 62 222 224)
3(120 119 121)
3(281 279 280)
4(121 119 279 281)
3(120 118 119)
3(279 278 280)
4(118 120 280 278)
3(116 117 119)
3(279 277 276)
4(119 117 277 279)
3(116 119 118)
3(278 279 276)
4(116 118 278 276)
3(128 127 129)
3(289 287 288)
4(129 127 287 289)
3(128 126 127)
3(287 286 288)
4(126 128 288 286)
3(124 125 127)
3(287 285 284)
4(127 125 285 287)
3(124 127 126)
3(286 287 284)
4(124 126 286 284)
3(36 35 33)
3(193 195 196)
4(33 35 195 193)
3(34 36 33)
3(193 196 194)
4(36 34 194 196)
3(34 33 31)
3(191 193 194)
4(31 33 193 191)
3(34 31 32)
3(192 191 194)
4(34 32 192 194)
3(23 24 25)
3(185 184 183)
4(23 25 185 183)
3(24 26 25)
3(185 186 184)
4(26 24 184 186)
3(28 25 26)
3(186 185 188)
4(28 26 186 188)
3(28 27 25)
3(185 187 188)
4(25 27 187 185)
3(32 31 29)
3(189 191 192)
4(29 31 191 189)
3(30 32 29)
3(189 192 190)
4(32 30 190 192)
3(28 29 27)
3(187 189 188)
4(27 29 189 187)
3(28 30 29)
3(189 190 188)
4(30 28 188 190)
)

// ************************************************************************* //
