/*--------------------------------*- C++ -*----------------------------------*\
  =========                 |
  \\      /  F ield         | OpenFOAM: The Open Source CFD Toolbox
   \\    /   O peration     |
    \\  /    A nd           | Version: 13
     \\/     M anipulation  |
\*---------------------------------------------------------------------------*/
FoamFile
{
    version     2.0;
    format      ascii;
    class       faceList;
    location    "constant/polyMesh";
    object      faces;
}
// * * * * * * * * * * * * * * * * * * * * * * * * * * * * * * * * * * * * //
166
(
4(2 3 13 12)
4(10 12 13 11)
4(0 2 12 10)
4(1 11 13 3)
4(0 10 11 1)
4(0 1 3 2)
4(4 5 15 14)
4(12 14 15 13)
4(2 3 5 4)
4(2 4 14 12)
4(3 13 15 5)
4(14 16 17 15)
4(4 5 7 6)
4(4 6 16 14)
4(5 15 17 7)
4(6 7 17 16)
4(10 11 21 20)
4(8 10 20 18)
4(9 19 21 11)
4(8 18 19 9)
4(8 9 11 10)
4(18 20 21 19)
4(12 13 23 22)
4(20 22 23 21)
4(10 12 22 20)
4(11 21 23 13)
4(14 15 25 24)
4(22 24 25 23)
4(12 14 24 22)
4(13 23 25 15)
4(24 26 27 25)
4(16 17 27 26)
4(14 16 26 24)
4(15 25 27 17)
4(22 23 31 30)
4(20 28 29 21)
4(20 22 30 28)
4(21 29 31 23)
4(28 30 31 29)
4(24 25 33 32)
4(30 32 33 31)
4(22 24 32 30)
4(23 31 33 25)
4(26 27 35 34)
4(32 34 35 33)
4(24 26 34 32)
4(25 33 35 27)
4(30 32 38 36)
4(31 37 39 33)
4(30 36 37 31)
4(32 33 39 38)
4(36 38 39 37)
4(0 40 50 10)
4(0 2 42 40)
4(2 12 52 42)
4(10 50 52 12)
4(1 11 51 41)
4(1 41 43 3)
4(3 43 53 13)
4(11 13 53 51)
4(0 40 41 1)
4(10 11 51 50)
4(20 60 61 21)
4(20 28 68 60)
4(21 61 69 29)
4(28 29 69 68)
4(2 42 43 3)
4(4 44 45 5)
4(2 42 44 4)
4(3 5 45 43)
4(4 44 46 6)
4(5 7 47 45)
4(6 46 47 7)
4(4 14 54 44)
4(12 52 54 14)
4(5 45 55 15)
4(13 15 55 53)
4(6 16 56 46)
4(14 54 56 16)
4(7 47 57 17)
4(15 17 57 55)
4(16 56 57 17)
4(26 66 67 27)
4(16 56 66 26)
4(17 27 67 57)
4(34 74 75 35)
4(26 66 74 34)
4(27 35 75 67)
4(8 48 58 18)
4(8 10 50 48)
4(18 58 60 20)
4(10 20 60 50)
4(9 19 59 49)
4(9 49 51 11)
4(19 21 61 59)
4(11 51 61 21)
4(8 48 49 9)
4(18 19 59 58)
4(12 22 62 52)
4(20 60 62 22)
4(13 53 63 23)
4(21 23 63 61)
4(14 24 64 54)
4(22 62 64 24)
4(15 55 65 25)
4(23 25 65 63)
4(24 64 66 26)
4(25 27 67 65)
4(28 68 70 30)
4(22 30 70 62)
4(29 31 71 69)
4(23 63 71 31)
4(30 31 71 70)
4(32 34 74 72)
4(33 73 75 35)
4(32 72 73 33)
4(24 32 72 64)
4(30 70 72 32)
4(25 65 73 33)
4(31 33 73 71)
4(30 70 76 36)
4(32 38 78 72)
4(36 76 78 38)
4(31 37 77 71)
4(33 73 79 39)
4(37 39 79 77)
4(36 37 77 76)
4(38 78 79 39)
4(40 42 52 50)
4(41 51 53 43)
4(40 50 51 41)
4(60 68 69 61)
4(40 41 43 42)
4(42 43 45 44)
4(44 45 47 46)
4(42 44 54 52)
4(43 53 55 45)
4(44 46 56 54)
4(45 55 57 47)
4(46 47 57 56)
4(56 57 67 66)
4(66 67 75 74)
4(48 50 60 58)
4(49 59 61 51)
4(48 58 59 49)
4(48 49 51 50)
4(58 60 61 59)
4(50 52 62 60)
4(51 61 63 53)
4(52 54 64 62)
4(53 63 65 55)
4(54 56 66 64)
4(55 65 67 57)
4(60 62 70 68)
4(61 69 71 63)
4(68 70 71 69)
4(72 74 75 73)
4(62 64 72 70)
4(63 71 73 65)
4(64 66 74 72)
4(65 73 75 67)
4(70 72 78 76)
4(71 77 79 73)
4(70 76 77 71)
4(72 73 79 78)
4(76 78 79 77)
)

// ************************************************************************* //
