/*--------------------------------*- C++ -*----------------------------------*\
  =========                 |
  \\      /  F ield         | OpenFOAM: The Open Source CFD Toolbox
   \\    /   O peration     |
    \\  /    A nd           | Version: 13
     \\/     M anipulation  |
\*---------------------------------------------------------------------------*/
FoamFile
{
    version     2.0;
    format      ascii;
    class       vectorField;
    location    "constant/polyMesh";
    object      points;
}
// * * * * * * * * * * * * * * * * * * * * * * * * * * * * * * * * * * * * //
80
(
(-0.449941911 -0.44994262 5.77343006e-05)
(-0.449941911 -0.44994262 0.299942266)
(-0.457980158 -0.138141184 7.11803106e-05)
(-0.457980158 -0.138141184 0.29992882)
(-0.449930479 0.149999048 7.18743654e-05)
(-0.449930479 0.149999048 0.299928126)
(-0.44994262 0.449941911 5.77343006e-05)
(-0.44994262 0.449941911 0.299942266)
(6.30713634e-05 -0.749936929 4.52106873e-05)
(6.30713634e-05 -0.749936929 0.299954789)
(-0.149969539 -0.449954309 8.35732892e-05)
(-0.149969539 -0.449954309 0.299916427)
(-0.15 -0.15 0.0001)
(-0.15 -0.15 0.2999)
(-0.15 0.15 0.0001)
(-0.15 0.15 0.2999)
(-0.138141184 0.457980158 7.11803106e-05)
(-0.138141184 0.457980158 0.29992882)
(0.14992476 -0.749964399 5.54207429e-05)
(0.14992476 -0.749964399 0.299944579)
(0.138108787 -0.458017999 8.88866808e-05)
(0.138108787 -0.458017999 0.299911113)
(0.15 -0.15 0.0001)
(0.15 -0.15 0.2999)
(0.15 0.15 0.0001)
(0.15 0.15 0.2999)
(0.149999048 0.449930479 7.18743654e-05)
(0.149999048 0.449930479 0.299928126)
(0.44994262 -0.449941911 5.77343006e-05)
(0.44994262 -0.449941911 0.299942266)
(0.449954309 -0.149969539 8.35732892e-05)
(0.449954309 -0.149969539 0.299916427)
(0.458017999 0.138108787 8.88866808e-05)
(0.458017999 0.138108787 0.299911113)
(0.449941911 0.44994262 5.77343006e-05)
(0.449941911 0.44994262 0.299942266)
(0.749936929 6.30713634e-05 4.52106873e-05)
(0.749936929 6.30713634e-05 0.299954789)
(0.749964399 0.14992476 5.54207429e-05)
(0.749964399 0.14992476 0.299944579)
(-0.45 -0.45 0)
(-0.45 -0.45 0.3)
(-0.458050396 -0.138141184 0)
(-0.458050396 -0.138141184 0.3)
(-0.45 0.15 0)
(-0.45 0.15 0.3)
(-0.45 0.45 0)
(-0.45 0.45 0.3)
(-1.66533454e-16 -0.75 0)
(-1.66533454e-16 -0.75 0.3)
(-0.15 -0.45 0)
(-0.15 -0.45 0.3)
(-0.15 -0.15 0)
(-0.15 -0.15 0.3)
(-0.15 0.15 0)
(-0.15 0.15 0.3)
(-0.138141184 0.458050396 0)
(-0.138141184 0.458050396 0.3)
(0.15 -0.75 0)
(0.15 -0.75 0.3)
(0.138141184 -0.458050396 0)
(0.138141184 -0.458050396 0.3)
(0.15 -0.15 0)
(0.15 -0.15 0.3)
(0.15 0.15 0)
(0.15 0.15 0.3)
(0.15 0.45 0)
(0.15 0.45 0.3)
(0.45 -0.45 0)
(0.45 -0.45 0.3)
(0.45 -0.15 0)
(0.45 -0.15 0.3)
(0.458050396 0.138141184 0)
(0.458050396 0.138141184 0.3)
(0.45 0.45 0)
(0.45 0.45 0.3)
(0.75 -7.39557099e-32 0)
(0.75 -6.80516001e-32 0.3)
(0.75 0.15 0)
(0.75 0.15 0.3)
)

// ************************************************************************* //
