/*--------------------------------*- C++ -*----------------------------------*\
  =========                 |
  \\      /  F ield         | OpenFOAM: The Open Source CFD Toolbox
   \\    /   O peration     |
    \\  /    A nd           | Version: 13
     \\/     M anipulation  |
\*---------------------------------------------------------------------------*/
FoamFile
{
    version     2.0;
    format      ascii;
    class       faceList;
    location    "constant/polyMesh";
    object      faces;
}
// * * * * * * * * * * * * * * * * * * * * * * * * * * * * * * * * * * * * //
408
(
3(30 42 52)
3(52 30 2)
3(52 2 32)
3(44 32 52)
3(63 40 28)
3(1 28 63)
3(33 1 63)
3(63 33 45)
3(58 44 32)
3(58 32 33)
3(58 33 45)
3(29 41 53)
3(53 29 0)
3(53 0 31)
3(43 31 53)
3(30 42 67)
3(31 30 67)
3(43 31 67)
3(60 40 28)
3(60 28 29)
3(60 29 41)
5(33 32 2 3 1)
5(0 3 2 30 31)
5(29 28 1 3 0)
3(32 44 68)
3(16 32 68)
3(39 16 68)
3(68 39 51)
3(55 42 30)
3(55 30 21)
3(55 21 38)
3(50 38 55)
3(66 50 38)
3(66 38 39)
3(66 39 51)
3(32 16 2)
3(16 17 2)
3(2 17 21)
3(2 21 30)
5(17 21 38 39 16)
3(61 45 33)
3(61 33 9)
3(61 9 37)
3(49 37 61)
3(28 40 65)
3(12 28 65)
3(36 12 65)
3(65 36 48)
3(36 48 54)
3(37 36 54)
3(49 37 54)
3(1 10 9)
3(1 9 33)
5(9 37 36 12 10)
3(28 12 1)
3(12 10 1)
3(37 49 56)
3(22 37 56)
3(39 22 56)
3(51 39 56)
5(9 20 16 32 33)
3(20 22 9)
3(22 37 9)
3(16 20 22)
3(16 22 39)
3(31 43 64)
3(8 31 64)
3(35 8 64)
3(64 35 47)
3(57 41 29)
3(57 29 5)
3(57 5 34)
3(46 34 57)
3(69 46 34)
3(69 34 35)
3(69 35 47)
5(5 34 35 8 6)
3(31 8 0)
3(8 6 0)
3(0 6 5)
3(0 5 29)
3(59 47 35)
3(59 35 23)
3(59 23 38)
3(59 38 50)
3(8 25 23)
3(8 23 35)
5(31 30 21 25 8)
3(25 23 21)
3(23 38 21)
3(34 46 62)
3(13 34 62)
3(36 13 62)
3(48 36 62)
3(15 13 5)
3(13 34 5)
3(12 15 13)
3(12 13 36)
5(5 15 12 28 29)
5(34 35 23 27 13)
5(13 27 22 37 36)
5(22 27 23 38 39)
4(14 26 24 7)
4(4 18 19 11)
4(11 19 26 14)
4(7 24 18 4)
4(24 26 19 18)
4(4 11 14 7)
5(13 15 14 26 27)
5(8 25 24 7 6)
5(23 27 26 24 25)
5(6 7 14 15 5)
5(9 20 19 11 10)
5(3 4 18 17 2)
5(17 18 19 20 16)
5(10 11 4 3 1)
5(19 26 27 22 20)
5(12 15 14 11 10)
5(21 25 24 18 17)
5(3 4 7 6 0)
3(70 63 40)
4(108 70 63 101)
3(101 63 78)
3(63 40 78)
3(78 40 70)
3(78 70 108)
3(70 40 60)
4(78 40 60 98)
4(98 60 70 108)
3(60 41 53)
4(98 60 41 79)
3(79 41 53)
3(79 53 91)
4(91 53 60 98)
3(60 53 70)
4(91 53 70 108)
3(67 42 52)
4(105 67 42 80)
3(80 42 52)
3(80 52 90)
4(90 52 67 105)
3(67 52 70)
4(90 52 70 108)
4(108 70 67 105)
3(70 53 43)
3(91 53 81)
3(53 43 81)
3(81 43 70)
3(81 70 108)
3(70 43 67)
4(81 43 67 105)
3(70 52 44)
3(90 52 82)
3(52 44 82)
3(82 44 70)
3(82 70 108)
3(70 44 58)
4(82 44 58 96)
4(96 58 70 108)
3(58 45 63)
4(96 58 45 83)
3(83 45 63)
3(83 63 101)
4(101 63 58 96)
3(58 63 70)
3(71 52 42)
4(109 71 52 90)
4(80 42 71 109)
3(71 42 55)
3(80 42 55)
3(80 55 93)
4(93 55 71 109)
3(68 44 52)
3(106 68 82)
3(68 44 82)
4(90 52 68 106)
3(68 52 71)
4(109 71 68 106)
3(71 55 50)
3(93 55 88)
3(55 50 88)
3(88 50 71)
3(88 71 109)
3(71 50 66)
4(88 50 66 104)
4(104 66 71 109)
3(66 51 68)
4(104 66 51 89)
3(89 51 68)
3(89 68 106)
4(106 68 66 104)
3(66 68 71)
3(65 40 63)
3(103 65 78)
3(65 40 78)
4(101 63 65 103)
3(65 63 72)
4(101 63 72 110)
4(110 72 65 103)
3(72 63 45)
4(83 45 72 110)
3(72 45 61)
3(83 45 61)
3(83 61 99)
4(99 61 72 110)
3(54 48 65)
4(92 54 48 86)
3(86 48 65)
3(86 65 103)
4(103 65 54 92)
3(54 65 72)
4(110 72 54 92)
3(72 61 49)
3(99 61 87)
3(61 49 87)
3(87 49 72)
3(87 72 110)
3(72 49 54)
4(87 49 54 92)
3(73 58 44)
4(111 73 58 96)
3(82 44 73)
3(82 73 111)
3(73 44 68)
4(106 68 73 111)
3(61 45 58)
4(96 58 61 99)
3(61 58 73)
4(111 73 61 99)
3(56 49 61)
3(94 56 87)
3(56 49 87)
4(99 61 56 94)
3(56 61 73)
4(111 73 56 94)
3(73 68 51)
4(89 51 73 111)
3(73 51 56)
3(89 51 56)
3(89 56 94)
3(74 53 41)
4(112 74 53 91)
4(79 41 74 112)
3(74 41 57)
3(79 41 57)
3(79 57 95)
4(95 57 74 112)
3(64 43 53)
3(102 64 81)
3(64 43 81)
4(91 53 64 102)
3(64 53 74)
4(112 74 64 102)
3(74 57 46)
3(95 57 84)
3(57 46 84)
3(84 46 74)
3(84 74 112)
3(74 46 69)
4(84 46 69 107)
4(107 69 74 112)
3(69 47 64)
4(107 69 47 85)
3(85 47 64)
3(85 64 102)
4(102 64 69 107)
3(69 64 74)
3(55 42 67)
4(105 67 55 93)
3(55 67 75)
4(105 67 75 113)
4(113 75 55 93)
3(75 67 43)
3(81 43 75)
3(81 75 113)
3(75 43 64)
4(102 64 75 113)
3(75 64 47)
4(85 47 75 113)
3(75 47 59)
3(85 47 59)
3(85 59 97)
4(97 59 75 113)
3(59 50 55)
3(97 59 88)
3(59 50 88)
4(93 55 59 97)
3(59 55 75)
3(76 60 40)
4(114 76 60 98)
3(78 40 76)
3(78 76 114)
3(76 40 65)
4(103 65 76 114)
3(57 41 60)
4(98 60 57 95)
3(57 60 76)
4(114 76 57 95)
3(62 46 57)
3(100 62 84)
3(62 46 84)
4(95 57 62 100)
3(62 57 76)
4(114 76 62 100)
3(76 65 48)
4(86 48 76 114)
3(76 48 62)
3(86 48 62)
3(86 62 100)
3(77 69 46)
4(115 77 69 107)
3(84 46 77)
3(84 77 115)
3(77 46 62)
4(100 62 77 115)
3(59 47 69)
4(107 69 59 97)
3(59 69 77)
4(115 77 59 97)
3(62 48 54)
4(92 54 62 100)
3(62 54 77)
4(92 54 77 115)
3(77 54 49)
3(87 49 77)
3(87 77 115)
3(77 49 56)
4(94 56 77 115)
3(77 66 50)
4(115 77 66 104)
3(88 50 77)
3(88 77 115)
3(77 50 59)
3(56 51 66)
4(104 66 56 94)
3(56 66 77)
3(108 101 78)
3(108 78 98)
3(98 79 91)
3(98 91 108)
3(105 80 90)
3(105 90 108)
3(108 91 81)
3(108 81 105)
3(108 90 82)
3(108 82 96)
3(96 83 101)
3(96 101 108)
3(109 90 80)
3(109 80 93)
3(106 82 90)
3(106 90 109)
3(109 93 88)
3(109 88 104)
3(104 89 106)
3(104 106 109)
3(103 78 101)
3(103 101 110)
3(110 101 83)
3(110 83 99)
3(92 86 103)
3(92 103 110)
3(110 99 87)
3(110 87 92)
3(111 96 82)
3(111 82 106)
3(99 83 96)
3(99 96 111)
3(94 87 99)
3(94 99 111)
3(111 106 89)
3(111 89 94)
3(112 91 79)
3(112 79 95)
3(102 81 91)
3(102 91 112)
3(112 95 84)
3(112 84 107)
3(107 85 102)
3(107 102 112)
3(93 80 105)
3(93 105 113)
3(113 105 81)
3(113 81 102)
3(113 102 85)
3(113 85 97)
3(97 88 93)
3(97 93 113)
3(114 98 78)
3(114 78 103)
3(95 79 98)
3(95 98 114)
3(100 84 95)
3(100 95 114)
3(114 103 86)
3(114 86 100)
3(115 107 84)
3(115 84 100)
3(97 85 107)
3(97 107 115)
3(100 86 92)
3(100 92 115)
3(115 92 87)
3(115 87 94)
3(115 104 88)
3(115 88 97)
3(94 89 104)
3(94 104 115)
)

// ************************************************************************* //
