/*--------------------------------*- C++ -*----------------------------------*\
  =========                 |
  \\      /  F ield         | OpenFOAM: The Open Source CFD Toolbox
   \\    /   O peration     |
    \\  /    A nd           | Version: 13
     \\/     M anipulation  |
\*---------------------------------------------------------------------------*/
FoamFile
{
    version     2.0;
    format      ascii;
    class       labelList;
    location    "constant/polyMesh";
    object      owner;
}
// * * * * * * * * * * * * * * * * * * * * * * * * * * * * * * * * * * * * //
408
(
0
0
0
0
0
0
0
0
0
0
0
0
0
0
0
0
0
0
0
0
0
0
0
0
1
1
1
1
1
1
1
1
1
1
1
1
1
1
1
1
2
2
2
2
2
2
2
2
2
2
2
2
2
2
2
2
3
3
3
3
3
3
3
3
3
4
4
4
4
4
4
4
4
4
4
4
4
4
4
4
4
5
5
5
5
5
5
5
5
5
6
6
6
6
6
6
6
6
6
7
7
7
8
8
8
8
8
8
9
9
9
9
10
10
10
10
11
11
12
12
0
15
15
15
15
15
0
16
16
0
17
17
17
17
0
18
0
19
19
19
19
0
20
20
0
21
21
21
21
0
22
0
23
23
23
23
0
24
24
0
25
25
25
25
0
1
27
27
1
28
28
28
1
29
29
29
1
30
1
31
31
31
31
1
32
32
1
33
33
33
33
1
2
35
35
35
2
36
36
2
37
2
38
38
38
2
39
39
39
39
2
40
2
41
41
41
41
2
42
3
43
43
43
3
44
3
45
3
46
3
47
47
47
3
48
3
49
3
50
50
4
51
51
4
52
52
52
4
53
53
53
4
54
4
55
55
55
55
4
56
56
4
57
57
57
57
4
5
59
5
60
60
5
61
61
5
62
5
63
5
64
64
64
5
65
65
65
5
6
67
67
67
6
68
6
69
6
70
6
71
71
71
6
72
6
73
6
74
74
7
75
75
75
7
76
7
77
7
78
7
79
7
80
7
81
81
7
82
7
83
83
83
7
7
85
7
15
16
17
18
19
20
21
22
23
24
25
26
27
28
29
30
31
32
33
34
35
36
37
38
39
40
41
42
43
44
45
46
47
48
49
50
51
52
53
54
55
56
57
58
59
60
61
62
63
64
65
66
67
68
69
70
71
72
73
74
75
76
77
78
79
80
81
82
83
84
85
86
)

// ************************************************************************* //
