/*--------------------------------*- C++ -*----------------------------------*\
  =========                 |
  \\      /  F ield         | OpenFOAM: The Open Source CFD Toolbox
   \\    /   O peration     |
    \\  /    A nd           | Version: 13
     \\/     M anipulation  |
\*---------------------------------------------------------------------------*/
FoamFile
{
    version     2.0;
    format      ascii;
    class       labelList;
    location    "constant/polyMesh";
    object      neighbour;
}
// * * * * * * * * * * * * * * * * * * * * * * * * * * * * * * * * * * * * //
336
(
1
1
1
1
2
2
2
2
3
3
3
4
4
4
4
5
5
5
6
6
6
10
12
14
3
3
3
3
5
5
5
5
7
7
7
10
10
12
12
13
3
3
3
3
6
6
6
6
7
7
7
10
10
11
14
14
7
7
7
7
10
11
11
13
13
5
5
5
5
6
6
6
6
7
7
7
9
12
12
14
14
7
7
7
7
9
9
12
13
13
7
7
7
7
9
9
11
11
14
9
11
13
9
10
11
12
13
14
11
12
13
14
11
12
13
14
13
14
13
14
15
26
35
35
16
16
16
67
18
17
69
51
51
18
18
21
19
59
27
27
20
20
23
22
21
53
53
22
22
22
61
23
29
29
24
24
24
43
26
25
45
37
37
26
26
27
30
28
28
59
59
31
29
44
44
30
30
34
31
65
65
32
32
32
83
34
33
85
49
49
34
34
35
68
68
36
36
37
40
37
38
38
45
45
41
39
79
73
73
40
40
42
41
47
47
42
42
42
81
43
46
44
44
44
49
45
46
46
48
47
82
82
48
48
50
49
50
50
85
85
51
54
52
52
69
69
55
53
62
62
54
54
58
55
71
71
56
56
56
75
58
57
77
63
63
58
58
59
60
60
61
66
61
62
62
62
63
63
64
64
77
77
66
65
84
84
66
66
67
70
68
68
68
73
69
70
70
72
71
76
76
72
72
74
73
74
74
79
79
75
78
76
76
76
80
77
78
78
84
79
80
80
81
81
82
82
82
86
83
86
84
84
84
85
86
86
)

// ************************************************************************* //
