/*--------------------------------*- C++ -*----------------------------------*\
  =========                 |
  \\      /  F ield         | OpenFOAM: The Open Source CFD Toolbox
   \\    /   O peration     |
    \\  /    A nd           | Version: 13
     \\/     M anipulation  |
\*---------------------------------------------------------------------------*/
FoamFile
{
    version     2.0;
    format      ascii;
    class       labelList;
    location    "constant/polyMesh";
    object      neighbour;
}
// * * * * * * * * * * * * * * * * * * * * * * * * * * * * * * * * * * * * //
432
(
1
4
16
64
80
96
2
5
17
81
97
3
6
18
82
98
7
19
83
99
112
5
8
20
65
100
6
9
21
101
7
10
22
102
11
23
103
113
9
12
24
66
104
10
13
25
105
11
14
26
106
15
27
107
114
13
28
67
108
128
14
29
109
129
15
30
110
130
31
111
115
131
17
20
32
68
84
18
21
33
85
19
22
34
86
23
35
87
116
21
24
36
69
22
25
37
23
26
38
27
39
117
25
28
40
70
26
29
41
27
30
42
31
43
118
29
44
71
132
30
45
133
31
46
134
47
119
135
33
36
48
72
88
34
37
49
89
35
38
50
90
39
51
91
120
37
40
52
73
38
41
53
39
42
54
43
55
121
41
44
56
74
42
45
57
43
46
58
47
59
122
45
60
75
136
46
61
137
47
62
138
63
123
139
49
52
76
92
144
50
53
93
145
51
54
94
146
55
95
124
147
53
56
77
148
54
57
149
55
58
150
59
125
151
57
60
78
152
58
61
153
59
62
154
63
126
155
61
79
140
156
62
141
157
63
142
158
127
143
159
65
68
80
96
66
69
100
67
70
104
71
108
128
69
72
84
70
73
71
74
75
132
73
76
88
74
77
75
78
79
136
77
92
144
78
148
79
152
140
156
81
84
96
82
85
97
83
86
98
87
99
112
85
88
86
89
87
90
91
116
89
92
90
93
91
94
95
120
93
144
94
145
95
146
124
147
97
100
98
101
99
102
103
112
101
104
102
105
103
106
107
113
105
108
106
109
107
110
111
114
109
128
110
129
111
130
115
131
113
116
114
117
115
118
119
131
117
120
118
121
119
122
123
135
121
124
122
125
123
126
127
139
125
147
126
151
127
155
143
159
129
132
130
133
131
134
135
133
136
134
137
135
138
139
137
140
138
141
139
142
143
141
156
142
157
143
158
159
145
148
146
149
147
150
151
149
152
150
153
151
154
155
153
156
154
157
155
158
159
157
158
159
)

// ************************************************************************* //
