/*--------------------------------*- C++ -*----------------------------------*\
  =========                 |
  \\      /  F ield         | OpenFOAM: The Open Source CFD Toolbox
   \\    /   O peration     |
    \\  /    A nd           | Version: 13
     \\/     M anipulation  |
\*---------------------------------------------------------------------------*/
FoamFile
{
    version     2.0;
    format      ascii;
    class       faceList;
    location    "constant/polyMesh";
    object      faces;
}
// * * * * * * * * * * * * * * * * * * * * * * * * * * * * * * * * * * * * //
1228
(
3(22 20 19)
3(20 18 19)
3(22 20 21)
3(22 21 19)
3(21 20 19)
3(22 24 21)
3(22 21 23)
3(5 4 6)
3(5 6 8)
3(5 2 6)
3(5 4 2)
3(5 6 9)
3(9 6 8)
3(5 6 7)
3(7 6 9)
3(5 2 7)
3(5 2 3)
3(5 0 2)
3(5 1 2)
3(121 120 118)
3(121 118 124)
3(121 118 119)
3(121 123 118)
3(125 123 124)
3(121 124 123)
3(29 26 28)
3(29 24 26)
3(29 27 26)
3(29 26 23)
3(25 24 23)
3(29 23 24)
3(14 19 20)
3(14 20 17)
3(14 17 16)
3(14 15 17)
3(14 17 19)
3(300 297 299)
3(300 303 297)
3(300 299 303)
3(300 298 299)
3(300 297 298)
3(298 297 299)
3(300 303 301)
3(300 298 303)
3(300 302 303)
3(296 297 298)
3(114 120 117)
3(114 117 116)
3(114 117 119)
3(114 115 117)
3(114 117 121)
3(114 121 119)
3(114 120 121)
3(103 104 108)
3(103 108 105)
3(103 105 104)
3(103 106 108)
3(103 104 106)
3(103 108 109)
3(103 106 109)
3(106 108 109)
3(103 104 102)
3(107 106 109)
3(111 112 116)
3(111 117 112)
3(111 116 117)
3(111 110 116)
3(111 112 110)
3(111 113 112)
3(111 114 116)
3(111 109 112)
3(111 112 106)
3(111 106 109)
3(126 123 124)
3(126 124 125)
3(126 125 123)
3(122 123 124)
3(126 128 125)
3(126 125 127)
3(133 130 132)
3(133 128 130)
3(129 128 127)
3(133 127 128)
3(133 131 130)
3(133 130 127)
3(145 142 144)
3(145 140 142)
3(145 143 142)
3(145 142 139)
3(141 140 139)
3(145 139 140)
3(145 142 148)
3(145 147 142)
3(149 147 148)
3(145 148 147)
3(159 146 148)
3(159 148 147)
3(159 147 146)
3(146 147 148)
3(159 146 158)
3(159 158 148)
3(159 148 149)
3(159 148 153)
3(159 150 147)
3(159 151 150)
3(159 146 150)
3(159 150 158)
3(159 155 150)
3(159 150 154)
3(159 154 158)
3(159 155 154)
3(159 166 162)
3(159 162 158)
3(159 158 166)
3(159 167 162)
3(159 166 167)
3(159 163 162)
3(304 301 307)
3(304 307 305)
3(304 302 307)
3(304 307 303)
3(304 303 302)
3(304 306 307)
3(304 301 303)
3(292 295 297)
3(292 293 295)
3(292 298 299)
3(292 299 295)
3(292 295 298)
3(292 297 299)
3(292 298 297)
3(292 295 294)
3(292 289 295)
3(292 295 290)
3(288 289 290)
3(292 290 289)
3(286 288 289)
3(286 289 290)
3(286 289 285)
3(286 287 289)
3(286 285 287)
3(286 288 285)
3(286 291 289)
3(286 284 285)
3(291 289 290)
3(286 285 283)
3(282 280 283)
3(286 283 280)
3(286 280 285)
3(99 100 96)
3(99 96 98)
3(99 98 100)
3(99 97 96)
3(99 100 97)
3(99 95 96)
3(95 97 96)
3(99 96 94)
3(94 95 96)
3(99 100 101)
3(99 104 100)
3(99 98 104)
3(99 105 100)
3(99 104 105)
3(99 102 104)
3(46 44 45)
3(46 45 42)
3(42 45 44)
3(46 45 49)
3(46 43 45)
3(46 49 43)
3(46 44 49)
3(43 45 42)
3(46 48 49)
3(46 49 47)
3(46 53 52)
3(46 50 53)
3(53 50 52)
3(46 53 49)
3(46 49 52)
3(46 53 47)
3(46 51 53)
3(51 50 53)
3(137 140 139)
3(137 136 134)
3(137 134 140)
3(137 134 135)
3(137 139 134)
3(137 130 136)
3(137 132 130)
3(137 130 134)
3(137 131 134)
3(137 130 131)
3(157 152 158)
3(157 158 156)
3(157 153 158)
3(158 153 152)
3(157 159 158)
3(159 153 158)
3(157 158 162)
3(31 32 28)
3(31 26 32)
3(31 28 26)
3(31 33 28)
3(31 32 33)
3(31 30 32)
3(31 29 28)
3(31 32 37)
3(31 36 32)
3(31 30 36)
3(31 37 36)
3(31 34 37)
3(31 36 34)
3(34 36 37)
3(35 34 37)
3(39 44 41)
3(39 40 44)
3(39 41 40)
3(39 45 44)
3(39 44 42)
3(39 42 45)
3(39 38 44)
3(39 40 38)
3(39 40 36)
3(39 36 38)
3(39 36 41)
3(39 37 36)
3(39 34 36)
3(39 37 34)
3(11 8 6)
3(11 12 8)
3(11 6 12)
3(11 8 9)
3(11 9 6)
3(11 12 9)
3(11 12 13)
3(11 10 12)
3(11 12 17)
3(11 14 12)
3(63 64 60)
3(63 60 62)
3(63 62 64)
3(63 65 60)
3(63 64 65)
3(63 61 60)
3(63 58 60)
3(63 61 58)
3(58 61 60)
3(59 61 58)
3(235 232 236)
3(235 236 234)
3(235 234 232)
3(235 237 236)
3(235 232 237)
3(235 239 236)
3(237 236 239)
3(235 236 238)
3(238 239 236)
3(235 232 233)
3(235 230 232)
3(231 230 229)
3(235 229 230)
3(235 232 229)
3(278 275 272)
3(274 272 275)
3(278 273 275)
3(278 279 273)
3(278 273 272)
3(273 275 272)
3(278 277 273)
3(278 279 277)
3(278 277 272)
3(278 277 276)
3(278 283 277)
3(278 280 283)
3(278 277 281)
3(278 281 280)
3(278 280 277)
3(278 283 281)
3(281 280 283)
3(260 261 262)
3(264 262 261)
3(264 267 265)
3(264 261 267)
3(264 266 267)
3(264 267 262)
3(308 307 311)
3(308 311 305)
3(308 305 307)
3(308 311 306)
3(308 310 311)
3(308 307 306)
3(308 311 309)
3(254 255 252)
3(250 252 255)
3(257 262 261)
3(257 263 262)
3(261 262 263)
3(257 262 260)
3(257 259 262)
3(257 262 256)
3(257 258 262)
3(257 259 258)
3(257 258 256)
3(257 252 254)
3(257 254 255)
3(257 255 252)
3(257 256 254)
3(257 259 254)
3(257 254 258)
3(253 255 252)
3(240 239 237)
3(240 236 239)
3(240 243 239)
3(240 239 242)
3(240 242 243)
3(240 243 237)
3(240 243 241)
3(55 50 56)
3(55 56 52)
3(55 52 50)
3(55 54 56)
3(55 57 52)
3(55 56 57)
3(55 52 53)
3(55 53 50)
3(55 60 56)
3(55 54 60)
3(55 60 57)
3(55 60 61)
3(55 58 61)
3(55 60 58)
3(165 168 158)
3(165 158 164)
3(165 169 158)
3(169 168 158)
3(159 169 158)
3(165 159 158)
3(173 174 172)
3(173 176 174)
3(173 175 174)
3(173 174 179)
3(177 176 179)
3(173 179 176)
3(187 185 184)
3(181 187 184)
3(181 183 182)
3(181 182 187)
3(181 182 180)
3(181 184 182)
3(181 176 179)
3(181 179 182)
3(181 182 176)
3(170 171 159)
3(170 159 167)
3(170 169 172)
3(170 168 169)
3(170 175 169)
3(170 169 171)
3(170 173 169)
3(170 175 173)
3(170 173 172)
3(170 159 169)
3(170 169 158)
3(170 158 159)
3(75 78 80)
3(75 76 78)
3(75 80 76)
3(75 79 80)
3(79 78 80)
3(75 76 74)
3(75 80 81)
3(75 81 76)
3(81 79 80)
3(75 77 76)
3(75 76 70)
3(71 73 70)
3(75 70 73)
3(75 73 76)
3(93 96 95)
3(93 96 94)
3(93 94 95)
3(93 94 92)
3(93 90 94)
3(93 92 90)
3(93 94 91)
3(93 90 91)
3(93 88 86)
3(93 86 92)
3(93 88 87)
3(93 87 86)
3(87 88 86)
3(89 88 87)
3(93 91 86)
3(93 86 90)
3(85 78 84)
3(85 80 78)
3(85 78 82)
3(85 82 84)
3(85 78 79)
3(85 83 78)
3(85 80 79)
3(85 83 82)
3(85 86 88)
3(85 84 86)
3(85 86 87)
3(85 87 88)
3(85 82 86)
3(85 86 83)
3(67 72 68)
3(67 68 70)
3(67 70 72)
3(67 72 69)
3(67 69 68)
3(67 73 70)
3(67 68 66)
3(67 73 72)
3(73 70 72)
3(67 68 64)
3(67 62 68)
3(67 64 62)
3(67 68 65)
3(67 65 64)
3(312 317 318)
3(312 319 318)
3(312 317 319)
3(312 319 315)
3(312 315 318)
3(312 317 315)
3(312 313 315)
3(312 315 314)
3(312 315 309)
3(312 311 315)
3(312 309 311)
3(312 310 315)
3(312 311 310)
3(189 190 191)
3(189 187 190)
3(189 184 187)
3(189 188 190)
3(189 190 184)
3(200 203 202)
3(200 206 203)
3(206 205 204)
3(200 205 206)
3(200 201 203)
3(200 203 205)
3(244 251 245)
3(244 247 251)
3(244 245 247)
3(244 249 251)
3(244 251 248)
3(249 248 251)
3(244 247 246)
3(244 246 251)
3(244 243 247)
3(244 245 243)
3(244 242 247)
3(244 243 242)
3(244 241 243)
3(161 160 158)
3(161 158 154)
3(161 164 158)
3(227 230 229)
3(227 224 225)
3(227 229 224)
3(227 226 224)
3(227 224 230)
3(268 273 275)
3(268 275 272)
3(268 271 275)
3(268 273 271)
3(268 275 274)
3(268 271 274)
3(268 269 271)
3(268 271 270)
3(268 265 271)
3(268 271 267)
3(268 266 271)
3(268 267 266)
3(268 265 267)
3(193 192 190)
3(193 190 188)
3(193 194 190)
3(193 192 194)
3(193 194 191)
3(193 191 190)
3(193 194 195)
3(197 202 198)
3(197 196 202)
3(197 198 196)
3(197 202 199)
3(197 199 198)
3(197 202 203)
3(197 200 202)
3(197 198 192)
3(197 198 194)
3(197 194 192)
3(197 199 194)
3(197 195 194)
3(209 204 206)
3(209 206 205)
3(209 210 206)
3(209 204 210)
3(209 211 206)
3(209 210 211)
3(209 207 206)
3(207 206 205)
3(209 208 210)
3(209 210 215)
3(209 214 215)
3(209 210 214)
3(209 214 213)
3(213 214 215)
3(209 214 212)
3(212 214 213)
3(209 210 212)
3(216 214 213)
3(216 219 214)
3(216 218 219)
3(216 219 217)
3(216 213 219)
3(221 226 222)
3(221 222 224)
3(221 224 226)
3(221 226 223)
3(221 223 222)
3(221 226 227)
3(221 222 220)
3(221 219 222)
3(221 222 216)
3(227 224 221)
3(159 161 154)
3(159 161 158)
3(159 162 157)
3(14 11 17)
3(193 197 194)
3(189 193 190)
3(165 161 158)
3(239 236 242)
3(264 267 268)
3(173 174 170)
3(159 170 166)
3(200 197 203)
3(23 24 21)
3(23 22 24)
3(114 111 117)
3(246 251 248)
3(248 250 251)
3(240 243 244)
3(29 31 26)
3(121 118 114)
3(216 219 221)
3(304 307 308)
3(300 303 304)
3(127 128 125)
3(127 126 128)
3(63 67 64)
3(148 158 153)
3(308 311 312)
3(133 137 130)
3(103 104 99)
3(118 124 123)
3(23 26 24)
3(17 19 20)
3(106 112 109)
3(127 130 128)
3(139 142 140)
3(138 139 140)
3(142 148 147)
3(289 290 295)
3(280 283 285)
3(134 140 139)
3(12 17 14)
3(229 232 230)
3(228 229 230)
3(261 262 267)
3(249 255 252)
3(174 179 176)
3(178 179 176)
3(182 187 184)
3(186 187 184)
3(176 182 179)
3(70 76 73)
3(184 190 187)
3(203 205 206)
3(224 230 229)
3(213 214 219)
3(216 222 219)
3(249 248 255)
3(248 251 255)
3(248 255 252)
3(250 255 248)
3(22 18 20)
3(14 20 18)
3(22 20 24)
3(14 16 20)
3(22 24 26)
3(16 14 12)
3(26 24 28)
3(10 12 14)
3(26 28 32)
3(10 6 12)
3(30 26 32)
3(6 8 12)
3(30 32 36)
3(6 4 8)
3(34 30 36)
3(2 4 6)
3(34 36 38)
3(2 0 4)
3(40 38 36)
3(40 44 38)
3(42 38 44)
3(46 42 44)
3(46 44 48)
3(46 48 52)
3(46 52 50)
3(50 52 56)
3(54 50 56)
3(54 56 60)
3(58 54 60)
3(58 60 62)
3(60 64 62)
3(68 62 64)
3(66 62 68)
3(66 68 70)
3(70 68 72)
3(72 76 70)
3(74 70 76)
3(74 76 78)
3(78 76 80)
3(78 80 84)
3(82 78 84)
3(82 84 86)
3(86 84 88)
3(86 88 92)
3(90 86 92)
3(90 92 94)
3(94 92 96)
3(94 96 98)
3(100 98 96)
3(100 104 98)
3(102 98 104)
3(102 104 106)
3(106 104 108)
3(108 112 106)
3(110 106 112)
3(110 112 116)
3(114 110 116)
3(114 116 120)
3(118 114 120)
3(124 118 120)
3(122 118 124)
3(126 122 124)
3(126 124 128)
3(126 128 130)
3(130 128 132)
3(130 132 136)
3(134 130 136)
3(134 136 140)
3(138 134 140)
3(138 140 142)
3(140 144 142)
3(148 142 144)
3(146 142 148)
3(158 146 148)
3(158 150 146)
3(148 152 158)
3(154 150 158)
3(158 152 156)
3(160 154 158)
3(158 156 162)
3(160 158 164)
3(158 162 166)
3(158 168 164)
3(166 170 158)
3(170 168 158)
3(170 172 168)
3(174 172 170)
3(176 172 174)
3(178 176 174)
3(178 182 176)
3(180 176 182)
3(180 182 184)
3(186 184 182)
3(186 190 184)
3(188 184 190)
3(188 190 192)
3(194 192 190)
3(194 198 192)
3(198 196 192)
3(202 196 198)
3(200 196 202)
3(200 202 206)
3(200 206 204)
3(206 210 204)
3(208 204 210)
3(208 210 212)
3(212 210 214)
3(216 212 214)
3(216 214 218)
3(218 222 216)
3(220 216 222)
3(220 222 224)
3(226 224 222)
3(226 230 224)
3(228 224 230)
3(228 230 232)
3(232 230 234)
3(232 234 236)
3(238 236 234)
3(242 236 238)
3(242 240 236)
3(240 242 244)
3(244 242 246)
3(246 248 244)
3(246 250 248)
3(250 252 248)
3(250 254 252)
3(256 252 254)
3(258 256 254)
3(258 262 256)
3(256 262 260)
3(264 260 262)
3(264 262 266)
3(264 266 268)
3(268 266 270)
3(268 270 274)
3(268 274 272)
3(278 272 274)
3(278 276 272)
3(278 280 276)
3(278 282 280)
3(286 280 282)
3(286 284 280)
3(286 288 284)
3(286 290 288)
3(292 288 290)
3(292 290 294)
3(292 294 298)
3(292 298 296)
3(300 296 298)
3(300 298 302)
3(300 302 304)
3(304 302 306)
3(304 306 308)
3(308 306 310)
3(308 310 312)
3(312 310 314)
3(312 314 318)
3(312 318 316)
3(22 19 18)
3(22 23 19)
3(14 18 19)
3(22 26 23)
3(14 19 15)
3(26 27 23)
3(14 15 11)
3(26 31 27)
3(11 10 14)
3(31 26 30)
3(11 6 10)
3(31 30 34)
3(11 7 6)
3(31 34 35)
3(7 2 6)
3(39 35 34)
3(3 2 7)
3(39 34 38)
3(3 1 2)
3(39 38 42)
3(2 1 0)
3(39 42 43)
3(5 0 1)
3(46 43 42)
3(5 4 0)
3(46 47 43)
3(5 8 4)
3(46 51 47)
3(5 9 8)
3(46 50 51)
3(9 12 8)
3(55 51 50)
3(13 12 9)
3(55 50 54)
3(13 17 12)
3(55 54 58)
3(16 12 17)
3(55 58 59)
3(20 16 17)
3(63 59 58)
3(21 20 17)
3(63 58 62)
3(21 24 20)
3(63 62 67)
3(24 21 25)
3(67 62 66)
3(29 24 25)
3(67 66 70)
3(29 28 24)
3(67 70 71)
3(29 33 28)
3(75 71 70)
3(33 32 28)
3(75 70 74)
3(33 37 32)
3(75 74 78)
3(32 37 36)
3(75 78 79)
3(41 36 37)
3(79 78 83)
3(40 36 41)
3(82 83 78)
3(40 41 44)
3(82 86 83)
3(44 41 45)
3(87 83 86)
3(49 44 45)
3(91 87 86)
3(48 44 49)
3(90 91 86)
3(48 49 52)
3(90 94 91)
3(53 52 49)
3(91 94 95)
3(53 57 52)
3(99 95 94)
3(57 56 52)
3(99 94 98)
3(57 60 56)
3(99 98 102)
3(61 60 57)
3(103 99 102)
3(61 65 60)
3(103 102 106)
3(65 64 60)
3(103 106 107)
3(65 68 64)
3(111 107 106)
3(69 68 65)
3(111 106 110)
3(69 72 68)
3(111 110 114)
3(73 72 69)
3(114 115 111)
3(72 73 76)
3(114 119 115)
3(77 76 73)
3(118 119 114)
3(77 81 76)
3(123 119 118)
3(81 80 76)
3(122 123 118)
3(85 80 81)
3(126 123 122)
3(85 84 80)
3(126 127 123)
3(85 88 84)
3(126 130 127)
3(85 89 88)
3(127 130 131)
3(93 88 89)
3(134 131 130)
3(93 92 88)
3(135 131 134)
3(93 96 92)
3(135 134 139)
3(93 97 96)
3(138 139 134)
3(100 96 97)
3(138 142 139)
3(101 100 97)
3(143 139 142)
3(101 105 100)
3(143 142 147)
3(105 104 100)
3(146 147 142)
3(105 108 104)
3(146 150 147)
3(109 108 105)
3(151 147 150)
3(108 109 112)
3(155 151 150)
3(113 112 109)
3(154 155 150)
3(113 117 112)
3(154 161 155)
3(112 117 116)
3(161 154 160)
3(120 116 117)
3(161 160 164)
3(121 120 117)
3(165 161 164)
3(121 124 120)
3(165 164 168)
3(121 125 124)
3(165 168 169)
3(125 128 124)
3(169 168 172)
3(128 125 129)
3(173 169 172)
3(133 128 129)
3(173 172 176)
3(133 132 128)
3(173 176 177)
3(133 137 132)
3(181 177 176)
3(137 136 132)
3(181 176 180)
3(137 140 136)
3(181 180 184)
3(137 141 140)
3(181 184 185)
3(145 140 141)
3(189 185 184)
3(145 144 140)
3(189 184 188)
3(145 148 144)
3(189 188 193)
3(145 149 148)
3(193 188 192)
3(149 153 148)
3(193 192 197)
3(148 153 152)
3(197 192 196)
3(157 152 153)
3(197 196 200)
3(157 156 152)
3(200 201 197)
3(157 162 156)
3(200 205 201)
3(162 157 163)
3(200 204 205)
3(163 167 162)
3(209 205 204)
3(167 166 162)
3(209 204 208)
3(166 167 170)
3(209 208 212)
3(170 167 171)
3(209 212 213)
3(170 171 175)
3(216 213 212)
3(174 170 175)
3(216 217 213)
3(179 174 175)
3(216 221 217)
3(178 174 179)
3(221 216 220)
3(178 179 182)
3(221 220 224)
3(179 183 182)
3(224 225 221)
3(182 183 187)
3(225 224 229)
3(186 182 187)
3(228 229 224)
3(186 187 190)
3(228 232 229)
3(187 191 190)
3(233 229 232)
3(194 190 191)
3(233 232 237)
3(195 194 191)
3(237 232 236)
3(195 199 194)
3(240 237 236)
3(194 199 198)
3(240 241 237)
3(202 198 199)
3(240 244 241)
3(203 202 199)
3(244 245 241)
3(206 202 203)
3(244 249 245)
3(207 206 203)
3(244 248 249)
3(207 211 206)
3(249 248 252)
3(206 211 210)
3(253 249 252)
3(215 210 211)
3(257 253 252)
3(214 210 215)
3(257 252 256)
3(215 219 214)
3(257 256 260)
3(218 214 219)
3(257 260 261)
3(218 219 222)
3(264 261 260)
3(222 219 223)
3(264 265 261)
3(226 222 223)
3(264 268 265)
3(227 226 223)
3(268 269 265)
3(227 230 226)
3(268 273 269)
3(227 231 230)
3(268 272 273)
3(235 230 231)
3(277 273 272)
3(235 234 230)
3(276 277 272)
3(235 238 234)
3(276 280 277)
3(235 239 238)
3(281 277 280)
3(239 242 238)
3(281 280 285)
3(242 239 243)
3(284 285 280)
3(242 243 247)
3(284 288 285)
3(246 242 247)
3(288 289 285)
3(246 247 251)
3(292 289 288)
3(246 251 250)
3(292 293 289)
3(250 251 255)
3(292 297 293)
3(250 255 254)
3(292 296 297)
3(254 255 259)
3(300 297 296)
3(258 254 259)
3(300 301 297)
3(258 259 262)
3(300 304 301)
3(259 263 262)
3(304 305 301)
3(263 267 262)
3(304 308 305)
3(266 262 267)
3(308 309 305)
3(266 267 271)
3(308 312 309)
3(270 266 271)
3(312 313 309)
3(270 271 274)
3(312 317 313)
3(271 275 274)
3(312 316 317)
3(278 274 275)
3(278 275 279)
3(278 279 283)
3(278 283 282)
3(286 282 283)
3(286 283 287)
3(286 287 291)
3(286 291 290)
3(291 295 290)
3(294 290 295)
3(294 295 298)
3(298 295 299)
3(298 299 303)
3(302 298 303)
3(302 303 307)
3(306 302 307)
3(306 307 311)
3(310 306 311)
3(310 311 315)
3(314 310 315)
3(314 315 318)
3(319 318 315)
3(23 21 19)
3(23 25 21)
3(21 17 19)
3(29 25 23)
3(15 19 17)
3(29 23 27)
3(17 11 15)
3(29 27 31)
3(11 17 13)
3(31 33 29)
3(11 13 9)
3(31 37 33)
3(11 9 7)
3(31 35 37)
3(5 7 9)
3(39 37 35)
3(5 3 7)
3(39 41 37)
3(5 1 3)
3(39 45 41)
3(39 43 45)
3(43 49 45)
3(47 49 43)
3(47 53 49)
3(51 53 47)
3(55 53 51)
3(55 57 53)
3(55 61 57)
3(55 59 61)
3(63 61 59)
3(63 65 61)
3(63 67 65)
3(67 69 65)
3(67 73 69)
3(67 71 73)
3(75 73 71)
3(75 77 73)
3(75 81 77)
3(75 79 81)
3(85 81 79)
3(85 79 83)
3(85 83 87)
3(85 87 89)
3(93 89 87)
3(93 87 91)
3(93 91 95)
3(93 95 97)
3(99 97 95)
3(99 101 97)
3(99 105 101)
3(103 105 99)
3(103 109 105)
3(103 107 109)
3(111 109 107)
3(111 113 109)
3(111 117 113)
3(117 111 115)
3(115 119 117)
3(121 117 119)
3(121 119 123)
3(121 123 125)
3(127 125 123)
3(127 129 125)
3(133 129 127)
3(133 127 131)
3(133 131 137)
3(137 131 135)
3(137 135 139)
3(137 139 141)
3(145 141 139)
3(145 139 143)
3(145 143 147)
3(145 147 149)
3(159 149 147)
3(159 153 149)
3(159 147 151)
3(157 153 159)
3(159 151 155)
3(159 163 157)
3(159 155 161)
3(159 167 163)
3(165 159 161)
3(171 167 159)
3(165 169 159)
3(171 159 169)
3(171 169 175)
3(173 175 169)
3(173 179 175)
3(173 177 179)
3(181 179 177)
3(181 183 179)
3(181 187 183)
3(181 185 187)
3(189 187 185)
3(189 191 187)
3(189 193 191)
3(193 195 191)
3(193 197 195)
3(197 199 195)
3(197 203 199)
3(203 197 201)
3(201 205 203)
3(207 203 205)
3(209 207 205)
3(209 211 207)
3(209 215 211)
3(209 213 215)
3(215 213 219)
3(217 219 213)
3(219 217 221)
3(221 223 219)
3(221 227 223)
3(227 221 225)
3(227 225 229)
3(227 229 231)
3(235 231 229)
3(235 229 233)
3(235 233 237)
3(235 237 239)
3(237 243 239)
3(241 243 237)
3(241 245 243)
3(245 247 243)
3(245 251 247)
3(249 251 245)
3(249 255 251)
3(253 255 249)
3(257 255 253)
3(257 259 255)
3(257 263 259)
3(257 261 263)
3(263 261 267)
3(265 267 261)
3(271 267 265)
3(269 271 265)
3(269 273 271)
3(271 273 275)
3(279 275 273)
3(277 279 273)
3(277 283 279)
3(281 283 277)
3(281 285 283)
3(287 283 285)
3(287 285 289)
3(291 287 289)
3(291 289 295)
3(293 295 289)
3(293 297 295)
3(297 299 295)
3(297 303 299)
3(301 303 297)
3(301 307 303)
3(305 307 301)
3(305 311 307)
3(309 311 305)
3(309 315 311)
3(313 315 309)
3(313 317 315)
3(319 315 317)
3(317 316 318)
3(319 317 318)
)

// ************************************************************************* //
