/*--------------------------------*- C++ -*----------------------------------*\
  =========                 |
  \\      /  F ield         | OpenFOAM: The Open Source CFD Toolbox
   \\    /   O peration     |
    \\  /    A nd           | Version: 13
     \\/     M anipulation  |
\*---------------------------------------------------------------------------*/
FoamFile
{
    version     2.0;
    format      ascii;
    class       labelList;
    location    "constant/polyMesh";
    note        "nPoints:320  nCells:455  nFaces:1228  nInternalFaces:592";
    object      owner;
}
// * * * * * * * * * * * * * * * * * * * * * * * * * * * * * * * * * * * * //
1228
(
0
0
1
1
1
2
3
4
4
5
5
6
6
7
7
8
9
10
11
13
13
14
14
15
15
16
16
17
17
18
18
19
20
20
21
21
22
22
22
23
23
23
24
25
26
27
28
28
29
29
30
30
31
32
32
32
33
33
34
35
35
36
37
38
38
38
39
39
40
41
42
43
44
45
45
45
46
47
48
49
49
50
50
51
51
52
52
53
53
54
54
55
56
57
57
58
58
58
58
59
59
60
61
62
62
63
63
65
66
66
67
68
68
68
69
69
70
71
71
72
72
72
73
74
75
75
76
76
76
77
77
80
81
82
83
83
84
84
85
85
85
86
87
88
89
90
91
91
92
93
93
93
94
94
95
95
96
97
98
99
99
100
100
102
103
103
103
104
104
104
105
106
107
108
109
109
109
110
110
111
113
113
115
116
116
117
117
118
118
119
120
120
122
122
123
123
124
124
125
126
126
126
127
127
128
129
130
131
131
132
132
132
132
134
136
136
136
137
137
137
139
139
142
142
143
143
145
145
148
148
148
149
149
150
152
153
154
155
156
156
156
157
157
158
159
159
159
161
162
162
162
163
163
164
164
165
166
167
168
169
169
170
171
171
172
172
173
173
174
174
175
176
177
178
179
179
179
180
181
183
183
184
184
185
185
186
186
186
187
187
188
189
190
190
191
191
191
192
193
194
195
195
196
197
197
197
198
199
199
201
203
203
204
204
204
205
206
207
207
207
208
209
209
210
210
213
213
214
215
216
216
219
219
220
220
221
221
222
222
223
223
224
224
225
225
226
226
227
227
228
229
230
231
231
232
232
233
233
234
234
235
236
236
236
239
239
239
240
240
241
242
242
243
244
245
246
246
247
248
249
249
250
250
250
252
253
254
254
255
255
255
256
257
258
260
260
261
261
262
262
263
264
266
266
267
267
268
269
272
272
272
273
273
274
275
276
276
278
278
278
279
279
282
283
283
284
284
285
286
287
288
288
288
290
290
292
292
293
294
294
295
295
296
296
297
297
298
298
298
299
299
299
301
301
302
302
303
303
305
306
306
307
308
309
309
310
310
311
311
312
312
313
314
315
316
317
318
318
318
319
321
321
322
322
323
323
324
325
325
325
326
326
327
328
329
330
330
331
332
333
333
334
334
335
335
336
337
338
339
340
340
341
341
342
342
343
345
346
346
347
347
348
348
348
349
349
350
351
352
353
354
356
357
358
360
361
363
365
367
369
371
373
375
377
377
379
381
382
383
385
387
389
390
392
394
394
396
398
400
402
404
406
408
410
412
414
416
416
418
420
422
424
426
428
428
430
432
433
434
435
436
437
439
441
443
445
447
449
451
451
452
453
0
19
2
20
408
427
16
155
126
153
128
148
131
4
135
5
146
10
142
139
140
103
107
112
109
207
208
213
218
160
156
278
281
275
272
439
245
241
239
260
261
268
266
254
258
250
251
96
93
99
102
36
33
412
43
39
41
28
388
13
407
46
47
414
49
118
119
116
425
416
52
55
419
59
63
398
66
122
306
125
307
68
219
373
238
232
371
222
434
437
230
227
436
441
294
321
322
330
329
325
328
295
296
334
338
344
343
345
346
449
353
351
348
310
446
428
168
162
165
367
368
384
304
381
382
454
190
198
202
196
194
183
185
370
320
316
313
171
176
182
178
91
92
88
84
83
82
80
79
27
26
393
73
391
187
401
291
287
282
0
3
19
408
21
17
360
385
155
128
153
135
151
134
8
147
9
146
12
140
11
141
11
106
10
108
4
114
6
113
150
212
152
208
154
218
427
217
20
161
411
160
2
396
378
281
18
275
16
274
129
246
127
245
130
241
133
240
143
262
144
264
136
270
138
269
105
257
107
259
112
253
110
252
211
97
209
96
214
102
215
404
158
36
157
37
279
44
280
43
273
41
277
379
439
29
247
387
244
14
242
407
265
46
260
48
266
414
271
51
256
120
254
121
251
117
248
425
94
416
98
53
101
56
100
419
32
64
34
62
412
65
42
67
40
356
38
306
28
307
31
366
13
219
15
220
47
232
395
235
50
222
49
224
403
228
118
230
116
227
115
225
54
293
52
294
55
363
57
321
61
361
398
329
123
328
122
375
125
297
359
296
70
333
69
338
374
344
231
342
233
345
372
347
223
389
434
353
437
351
229
354
226
309
436
446
441
428
292
170
323
167
324
163
332
203
331
206
326
383
327
305
295
300
444
299
336
452
335
432
339
201
340
198
447
194
346
192
449
183
352
184
349
369
350
317
310
315
308
311
169
175
168
176
165
182
166
179
367
422
204
92
303
88
304
86
301
83
382
81
453
75
190
79
200
27
199
24
195
392
193
71
430
390
185
189
318
400
320
289
316
286
314
282
171
172
177
178
91
90
87
89
420
82
80
76
25
26
72
73
188
187
290
291
287
284
3
378
411
18
21
17
360
385
154
129
152
130
151
134
7
147
9
143
12
138
141
104
108
111
114
212
211
215
217
161
158
397
280
277
274
246
247
244
243
265
262
269
271
256
257
252
248
95
98
101
405
34
37
44
42
40
379
29
30
14
15
48
395
50
51
402
121
117
115
54
53
56
57
60
61
62
124
65
359
356
70
365
231
221
237
233
234
223
224
228
229
226
225
293
292
364
324
362
332
327
375
297
444
337
336
339
341
447
347
389
352
350
354
309
308
169
170
167
164
205
206
305
302
298
300
451
432
201
200
193
191
430
184
319
317
315
312
172
174
177
180
422
90
85
87
420
81
75
78
22
24
74
71
186
189
288
289
286
285
282
283
)

// ************************************************************************* //
