/*--------------------------------*- C++ -*----------------------------------*\
  =========                 |
  \\      /  F ield         | OpenFOAM: The Open Source CFD Toolbox
   \\    /   O peration     |
    \\  /    A nd           | Version: 13
     \\/     M anipulation  |
\*---------------------------------------------------------------------------*/
FoamFile
{
    version     2.0;
    format      ascii;
    class       faceList;
    location    "constant/polyMesh";
    object      faces;
}
// * * * * * * * * * * * * * * * * * * * * * * * * * * * * * * * * * * * * //
78
(
3(11 0 4)
3(11 4 9)
3(11 9 0)
3(9 4 0)
3(11 8 4)
3(11 0 8)
3(11 8 9)
3(8 4 9)
3(11 1 0)
3(11 9 1)
3(9 0 1)
3(11 1 8)
3(8 9 1)
3(14 5 4)
3(14 4 8)
3(14 8 5)
3(14 9 4)
3(14 5 9)
3(5 4 9)
3(14 9 8)
3(14 1 5)
3(14 8 1)
3(10 9 1)
3(10 8 9)
3(10 1 8)
3(12 3 1)
3(12 1 9)
3(12 9 3)
3(3 9 1)
3(12 10 1)
3(12 3 10)
3(12 10 9)
3(12 7 3)
3(12 9 7)
3(3 7 9)
3(12 7 10)
3(10 9 7)
3(13 5 7)
3(13 7 9)
3(13 9 5)
3(5 9 7)
3(13 10 7)
3(13 5 10)
3(13 10 9)
3(13 14 5)
3(13 9 14)
3(13 5 1)
3(13 1 10)
3(13 14 1)
3(3 9 6)
3(3 2 9)
3(6 9 2)
3(6 7 9)
3(5 6 9)
3(6 4 9)
3(13 9 8)
3(13 8 14)
3(13 10 8)
3(13 8 1)
3(1 9 2)
3(2 9 0)
3(2 9 4)
3(8 0 4)
3(8 1 0)
3(5 8 4)
3(5 1 8)
3(10 3 1)
3(10 7 3)
3(10 5 7)
3(10 1 5)
3(3 6 2)
3(3 7 6)
3(5 4 6)
3(5 6 7)
3(1 2 0)
3(1 3 2)
3(2 4 0)
3(2 6 4)
)

// ************************************************************************* //
