/*--------------------------------*- C++ -*----------------------------------*\
  =========                 |
  \\      /  F ield         | OpenFOAM: The Open Source CFD Toolbox
   \\    /   O peration     |
    \\  /    A nd           | Version: 13
     \\/     M anipulation  |
\*---------------------------------------------------------------------------*/
FoamFile
{
    version     2.0;
    format      ascii;
    class       faceList;
    location    "constant/polyMesh";
    object      faces;
}
// * * * * * * * * * * * * * * * * * * * * * * * * * * * * * * * * * * * * //
280
(
4(1 9 13 5)
4(8 12 13 9)
4(0 4 12 8)
4(0 8 9 1)
4(4 5 13 12)
4(0 1 5 4)
4(2 10 14 6)
4(9 13 14 10)
4(1 9 10 2)
4(5 6 14 13)
4(1 2 6 5)
4(10 14 15 11)
4(2 10 11 3)
4(6 7 15 14)
4(2 3 7 6)
4(3 11 15 7)
4(9 17 21 13)
4(16 20 21 17)
4(8 12 20 16)
4(8 16 17 9)
4(12 13 21 20)
4(10 18 22 14)
4(17 21 22 18)
4(9 17 18 10)
4(13 14 22 21)
4(18 22 23 19)
4(11 19 23 15)
4(10 18 19 11)
4(14 15 23 22)
4(17 25 29 21)
4(24 28 29 25)
4(16 20 28 24)
4(16 24 25 17)
4(20 21 29 28)
4(18 26 30 22)
4(25 29 30 26)
4(17 25 26 18)
4(21 22 30 29)
4(26 30 31 27)
4(19 27 31 23)
4(18 26 27 19)
4(22 23 31 30)
4(25 33 37 29)
4(32 36 37 33)
4(24 28 36 32)
4(24 32 33 25)
4(28 29 37 36)
4(26 34 38 30)
4(33 37 38 34)
4(25 33 34 26)
4(29 30 38 37)
4(34 38 39 35)
4(27 35 39 31)
4(26 34 35 27)
4(30 31 39 38)
4(33 41 45 37)
4(40 44 45 41)
4(32 36 44 40)
4(32 40 41 33)
4(36 37 45 44)
4(34 42 46 38)
4(41 45 46 42)
4(33 41 42 34)
4(37 38 46 45)
4(42 46 47 43)
4(35 43 47 39)
4(34 42 43 35)
4(38 39 47 46)
4(41 49 53 45)
4(48 52 53 49)
4(40 44 52 48)
4(40 48 49 41)
4(44 45 53 52)
4(42 50 54 46)
4(49 53 54 50)
4(41 49 50 42)
4(45 46 54 53)
4(50 54 55 51)
4(43 51 55 47)
4(42 50 51 43)
4(46 47 55 54)
4(49 57 61 53)
4(48 52 60 56)
4(48 56 57 49)
4(52 53 61 60)
4(56 60 61 57)
4(50 58 62 54)
4(49 57 58 50)
4(53 54 62 61)
4(57 61 62 58)
4(51 59 63 55)
4(50 58 59 51)
4(54 55 63 62)
4(58 62 63 59)
4(8 72 76 12)
4(0 64 72 8)
4(4 12 76 68)
4(0 4 68 64)
4(16 80 84 20)
4(8 72 80 16)
4(12 20 84 76)
4(24 88 92 28)
4(16 80 88 24)
4(20 28 92 84)
4(32 96 100 36)
4(24 88 96 32)
4(28 36 100 92)
4(40 104 108 44)
4(32 96 104 40)
4(36 44 108 100)
4(48 112 116 52)
4(40 104 112 48)
4(44 52 116 108)
4(48 112 120 56)
4(52 60 124 116)
4(56 120 124 60)
4(1 65 73 9)
4(0 64 65 1)
4(8 9 73 72)
4(2 66 74 10)
4(1 65 66 2)
4(9 10 74 73)
4(2 66 67 3)
4(3 67 75 11)
4(10 11 75 74)
4(5 13 77 69)
4(4 5 69 68)
4(12 76 77 13)
4(6 14 78 70)
4(5 6 70 69)
4(13 77 78 14)
4(6 7 71 70)
4(7 15 79 71)
4(14 78 79 15)
4(1 5 69 65)
4(2 6 70 66)
4(3 7 71 67)
4(11 15 79 75)
4(19 23 87 83)
4(11 19 83 75)
4(15 79 87 23)
4(27 31 95 91)
4(19 27 91 83)
4(23 87 95 31)
4(35 39 103 99)
4(27 35 99 91)
4(31 95 103 39)
4(43 47 111 107)
4(35 43 107 99)
4(39 103 111 47)
4(51 55 119 115)
4(43 51 115 107)
4(47 111 119 55)
4(51 59 123 115)
4(55 119 127 63)
4(59 63 127 123)
4(9 73 81 17)
4(16 17 81 80)
4(10 74 82 18)
4(17 18 82 81)
4(18 19 83 82)
4(13 21 85 77)
4(20 84 85 21)
4(14 22 86 78)
4(21 85 86 22)
4(22 86 87 23)
4(17 81 89 25)
4(24 25 89 88)
4(18 82 90 26)
4(25 26 90 89)
4(26 27 91 90)
4(21 29 93 85)
4(28 92 93 29)
4(22 30 94 86)
4(29 93 94 30)
4(30 94 95 31)
4(25 89 97 33)
4(32 33 97 96)
4(26 90 98 34)
4(33 34 98 97)
4(34 35 99 98)
4(29 37 101 93)
4(36 100 101 37)
4(30 38 102 94)
4(37 101 102 38)
4(38 102 103 39)
4(33 97 105 41)
4(40 41 105 104)
4(34 98 106 42)
4(41 42 106 105)
4(42 43 107 106)
4(37 45 109 101)
4(44 108 109 45)
4(38 46 110 102)
4(45 109 110 46)
4(46 110 111 47)
4(41 105 113 49)
4(48 49 113 112)
4(42 106 114 50)
4(49 50 114 113)
4(50 51 115 114)
4(45 53 117 109)
4(52 116 117 53)
4(46 54 118 110)
4(53 117 118 54)
4(54 118 119 55)
4(49 113 121 57)
4(56 57 121 120)
4(50 114 122 58)
4(57 58 122 121)
4(58 59 123 122)
4(53 61 125 117)
4(60 124 125 61)
4(54 62 126 118)
4(61 125 126 62)
4(62 126 127 63)
4(57 121 125 61)
4(58 122 126 62)
4(64 68 76 72)
4(72 76 84 80)
4(80 84 92 88)
4(88 92 100 96)
4(96 100 108 104)
4(104 108 116 112)
4(112 116 124 120)
4(64 72 73 65)
4(65 73 74 66)
4(66 74 75 67)
4(68 69 77 76)
4(69 70 78 77)
4(70 71 79 78)
4(64 65 69 68)
4(65 66 70 69)
4(66 67 71 70)
4(67 75 79 71)
4(75 83 87 79)
4(83 91 95 87)
4(91 99 103 95)
4(99 107 111 103)
4(107 115 119 111)
4(115 123 127 119)
4(72 80 81 73)
4(73 81 82 74)
4(74 82 83 75)
4(76 77 85 84)
4(77 78 86 85)
4(78 79 87 86)
4(80 88 89 81)
4(81 89 90 82)
4(82 90 91 83)
4(84 85 93 92)
4(85 86 94 93)
4(86 87 95 94)
4(88 96 97 89)
4(89 97 98 90)
4(90 98 99 91)
4(92 93 101 100)
4(93 94 102 101)
4(94 95 103 102)
4(96 104 105 97)
4(97 105 106 98)
4(98 106 107 99)
4(100 101 109 108)
4(101 102 110 109)
4(102 103 111 110)
4(104 112 113 105)
4(105 113 114 106)
4(106 114 115 107)
4(108 109 117 116)
4(109 110 118 117)
4(110 111 119 118)
4(112 120 121 113)
4(113 121 122 114)
4(114 122 123 115)
4(116 117 125 124)
4(117 118 126 125)
4(118 119 127 126)
4(120 124 125 121)
4(121 125 126 122)
4(122 126 127 123)
)

// ************************************************************************* //
