/*--------------------------------*- C++ -*----------------------------------*\
  =========                 |
  \\      /  F ield         | OpenFOAM: The Open Source CFD Toolbox
   \\    /   O peration     |
    \\  /    A nd           | Version: 13
     \\/     M anipulation  |
\*---------------------------------------------------------------------------*/
FoamFile
{
    version     2.0;
    format      ascii;
    class       labelList;
    location    "constant/polyMesh";
    object      owner;
}
// * * * * * * * * * * * * * * * * * * * * * * * * * * * * * * * * * * * * //
2818
(
0
1
1
2
3
4
5
5
5
7
7
8
9
10
11
13
13
14
15
15
16
17
17
18
19
19
20
21
21
23
23
25
25
26
27
28
29
30
31
33
34
35
37
37
38
39
41
42
43
45
46
47
48
49
50
51
51
52
53
53
55
56
57
58
59
61
61
62
63
64
65
66
67
68
69
70
71
72
73
73
75
77
77
78
79
79
81
82
83
85
86
87
88
89
90
91
93
94
95
96
97
98
99
100
101
101
102
103
103
105
105
106
107
107
108
109
109
110
111
113
114
115
117
118
119
120
121
121
122
123
124
125
127
128
129
130
131
133
134
135
136
137
139
140
141
143
144
145
147
148
149
150
151
152
153
154
155
156
157
0
159
159
159
159
159
0
160
160
160
160
160
1
161
161
161
161
161
1
162
162
162
162
162
2
163
163
163
2
164
164
164
3
165
165
165
3
166
166
166
4
167
167
167
4
168
168
168
5
169
169
169
169
169
5
170
170
170
170
170
6
171
6
172
7
173
173
173
7
174
174
174
8
175
175
175
8
176
176
176
9
177
177
177
9
178
178
178
10
179
179
179
10
180
180
180
11
181
181
181
11
182
182
182
12
183
12
184
13
185
185
185
185
185
13
186
186
186
186
186
14
187
187
187
14
188
188
188
15
189
189
189
189
189
15
190
190
190
190
190
16
191
191
191
16
192
192
192
17
193
193
193
193
193
17
194
194
194
194
194
18
195
195
195
18
196
196
196
19
197
197
197
197
19
198
198
198
198
20
199
199
20
200
200
21
201
201
201
201
201
201
21
202
202
202
202
202
202
22
203
203
203
203
22
204
204
204
204
23
205
205
205
205
205
23
206
206
206
206
206
24
207
24
208
25
209
209
209
209
25
210
210
210
210
26
211
211
26
212
212
27
213
213
213
27
214
214
214
28
215
215
28
216
216
29
217
217
217
217
29
218
218
218
218
30
219
219
219
30
220
220
220
31
221
221
221
221
31
222
222
222
222
32
223
223
32
224
224
33
225
225
225
225
33
226
226
226
226
34
227
227
227
34
228
228
228
35
229
229
229
229
35
230
230
230
230
36
231
231
36
232
232
37
233
233
233
233
233
37
234
234
234
234
234
38
235
235
235
38
236
236
236
39
237
237
237
237
39
238
238
238
238
40
239
239
40
240
240
41
241
241
241
241
41
242
242
242
242
42
243
243
243
42
244
244
244
43
245
245
245
245
43
246
246
246
246
44
247
247
44
248
248
45
249
249
249
249
45
250
250
250
250
46
251
251
251
46
252
252
252
47
253
253
253
47
254
254
254
48
255
255
48
256
256
49
257
257
257
49
258
258
258
50
259
259
50
260
260
51
261
261
261
261
51
262
262
262
262
52
263
263
52
264
264
53
265
265
265
265
53
266
266
266
266
54
267
54
268
55
269
269
269
55
270
270
270
56
271
271
56
272
272
57
273
273
273
57
274
274
274
58
275
275
275
58
276
276
276
59
277
277
277
59
278
278
278
60
279
60
280
61
281
281
281
281
61
282
282
282
282
62
283
283
62
284
284
63
285
285
285
63
286
286
286
64
287
287
64
288
288
65
289
289
289
289
65
290
290
290
290
66
291
291
291
66
292
292
292
67
293
293
293
67
294
294
294
68
295
295
68
296
296
69
297
297
297
69
298
298
298
70
299
299
70
300
300
71
301
301
301
71
302
302
302
72
303
303
72
304
304
73
305
305
305
305
73
306
306
306
306
74
307
74
308
75
309
309
309
75
310
310
310
76
311
76
312
77
313
313
313
313
77
314
314
314
314
78
315
315
78
316
316
79
317
317
317
317
79
318
318
318
318
80
319
80
320
81
321
321
321
81
322
322
322
82
323
323
82
324
324
83
325
325
325
83
326
326
326
84
327
84
328
85
329
329
329
329
85
330
330
330
330
86
331
331
331
86
332
332
332
87
333
333
333
87
334
334
334
88
335
335
88
336
336
89
337
337
337
89
338
338
338
90
339
339
90
340
340
91
341
341
341
91
342
342
342
92
343
92
344
93
345
345
345
93
346
346
346
94
347
347
94
348
348
95
349
349
349
95
350
350
350
96
351
351
96
352
352
97
353
353
353
97
354
354
354
98
355
355
98
356
356
99
357
357
357
99
358
358
358
100
359
359
100
360
360
101
361
361
361
361
101
362
362
362
362
102
363
363
102
364
364
103
365
365
365
365
103
366
366
366
366
104
367
104
368
105
369
369
369
369
105
370
370
370
370
106
371
371
106
372
372
107
373
373
373
373
107
374
374
374
374
108
375
375
108
376
376
109
377
377
377
377
109
378
378
378
378
110
379
379
110
380
380
111
381
381
381
111
382
382
382
112
383
112
384
113
385
385
385
113
386
386
386
114
387
387
114
388
388
115
389
389
389
115
390
390
390
116
391
116
392
117
393
393
393
393
117
394
394
394
394
118
395
395
395
118
396
396
396
119
397
397
397
119
398
398
398
120
399
399
120
400
400
121
401
401
401
401
121
402
402
402
402
122
403
403
122
404
404
123
405
405
405
123
406
406
406
124
407
407
124
408
408
125
409
409
409
125
410
410
410
126
411
126
412
127
413
413
413
127
414
414
414
128
415
415
128
416
416
129
417
417
417
129
418
418
418
130
419
419
130
420
420
131
421
421
421
131
422
422
422
132
423
132
424
133
425
425
425
425
133
426
426
426
426
134
427
427
427
134
428
428
428
135
429
429
429
135
430
430
430
136
431
431
136
432
432
137
433
433
433
137
434
434
434
138
435
138
436
139
437
437
437
139
438
438
438
140
439
439
140
440
440
141
441
441
441
141
442
442
442
142
443
142
444
143
445
445
445
143
446
446
446
144
447
447
144
448
448
145
449
449
449
145
450
450
450
146
451
146
452
147
453
453
453
453
147
454
454
454
454
148
455
455
455
148
456
456
456
149
457
457
457
457
149
458
458
458
458
150
459
459
459
150
460
460
460
151
461
461
461
461
151
462
462
462
462
152
463
463
463
152
464
464
464
153
465
465
465
465
153
466
466
466
466
154
467
467
467
154
468
468
468
155
469
469
469
469
155
470
470
470
470
156
471
471
471
156
472
472
472
157
473
473
473
473
157
474
474
474
474
158
475
475
158
476
476
0
477
477
477
0
478
0
479
479
479
0
1
481
481
481
1
482
2
483
483
2
484
3
485
485
3
486
4
487
487
4
488
6
489
489
489
6
8
491
491
491
8
492
9
493
493
9
494
10
495
495
10
496
11
497
497
497
11
498
12
499
499
12
13
501
501
501
13
502
14
503
503
503
14
504
15
505
505
505
15
506
16
507
507
507
16
508
17
509
509
509
17
510
18
511
511
511
18
512
19
513
513
513
19
514
20
515
515
515
20
516
21
517
517
517
21
518
22
519
519
519
22
520
22
521
521
22
23
523
523
523
23
24
525
525
24
526
25
527
527
527
25
528
26
529
529
529
26
530
27
531
531
27
532
28
533
533
533
28
29
535
535
29
536
30
537
537
537
30
31
539
539
31
32
541
541
32
33
543
543
33
544
34
545
545
545
34
35
547
547
35
36
549
549
36
37
551
551
551
37
552
38
553
553
553
38
554
39
555
555
39
40
557
557
40
41
559
559
41
560
42
561
561
561
42
43
563
563
43
44
565
565
44
45
567
567
45
568
46
569
569
569
46
47
571
571
571
47
48
573
573
48
574
49
575
575
49
576
50
577
577
577
50
51
579
579
579
51
580
52
581
581
581
52
582
53
583
583
53
584
54
585
585
585
54
55
587
587
587
55
56
589
589
56
590
57
591
591
57
592
58
593
593
593
58
59
595
595
59
60
597
597
60
61
599
599
599
61
600
62
601
601
601
62
602
63
603
603
603
63
64
605
605
64
606
65
607
607
65
608
66
609
609
609
66
67
611
611
611
67
68
613
613
68
614
69
615
615
69
616
70
617
617
617
70
71
619
619
619
71
72
621
621
72
622
73
623
623
623
73
74
625
625
74
626
75
627
627
75
76
629
629
76
77
631
631
631
77
632
78
633
633
633
78
634
79
635
635
635
79
80
637
637
80
638
81
639
639
639
81
82
641
641
82
642
83
643
643
83
84
645
645
84
85
647
647
85
648
86
649
649
649
86
87
651
651
651
87
88
653
653
88
654
89
655
655
655
89
90
657
657
90
658
91
659
659
91
92
661
661
92
93
663
663
93
664
94
665
665
665
94
95
667
667
667
95
96
669
669
96
670
97
671
671
97
672
98
673
673
673
98
99
675
675
675
99
100
677
677
100
678
101
679
679
679
101
680
102
681
681
681
102
682
103
683
683
103
684
104
685
685
685
104
105
687
687
687
105
688
106
689
689
689
106
690
107
691
691
691
107
692
108
693
693
693
108
694
109
695
695
695
109
696
110
697
697
697
110
698
111
699
699
111
112
701
701
112
113
703
703
703
113
114
705
705
114
706
115
707
707
115
116
709
709
116
117
711
711
117
712
118
713
713
713
118
119
715
715
119
716
120
717
717
717
120
121
719
719
719
121
720
122
721
721
721
122
722
123
723
723
123
724
124
725
725
725
124
125
727
727
125
126
729
729
126
127
731
731
127
732
128
733
733
733
128
129
735
735
735
129
130
737
737
130
738
131
739
739
131
132
741
741
132
133
743
743
133
744
134
745
745
745
134
135
747
747
747
135
136
749
749
136
750
137
751
751
137
138
753
753
138
139
755
755
755
139
140
757
757
140
758
141
759
759
141
142
761
761
142
143
763
763
763
143
144
765
765
144
766
145
767
767
145
146
769
769
146
147
771
771
147
772
148
773
773
773
148
149
775
775
149
776
150
777
777
777
150
151
779
779
779
151
152
781
781
152
782
153
783
783
153
784
154
785
785
785
154
155
787
787
155
788
156
789
789
789
156
157
791
791
157
158
793
793
158
159
160
161
162
163
164
165
166
167
168
169
170
171
172
173
174
175
176
177
178
179
180
181
182
183
184
185
186
187
188
189
190
191
192
193
194
195
196
197
198
199
200
201
202
203
204
205
206
207
208
209
210
211
212
213
214
215
216
217
218
219
220
221
222
223
224
225
226
227
228
229
230
231
232
233
234
235
236
237
238
239
240
241
242
243
244
245
246
247
248
249
250
251
252
253
254
255
256
257
258
259
260
261
262
263
264
265
266
267
268
269
270
271
272
273
274
275
276
277
278
279
280
281
282
283
284
285
286
287
288
289
290
291
292
293
294
295
296
297
298
299
300
301
302
303
304
305
306
307
308
309
310
311
312
313
314
315
316
317
318
319
320
321
322
323
324
325
326
327
328
329
330
331
332
333
334
335
336
337
338
339
340
341
342
343
344
345
346
347
348
349
350
351
352
353
354
355
356
357
358
359
360
361
362
363
364
365
366
367
368
369
370
371
372
373
374
375
376
377
378
379
380
381
382
383
384
385
386
387
388
389
390
391
392
393
394
395
396
397
398
399
400
401
402
403
404
405
406
407
408
409
410
411
412
413
414
415
416
417
418
419
420
421
422
423
424
425
426
427
428
429
430
431
432
433
434
435
436
437
438
439
440
441
442
443
444
445
446
447
448
449
450
451
452
453
454
455
456
457
458
459
460
461
462
463
464
465
466
467
468
469
470
471
472
473
474
475
476
477
478
479
480
481
482
483
484
485
486
487
488
489
490
491
492
493
494
495
496
497
498
499
500
501
502
503
504
505
506
507
508
509
510
511
512
513
514
515
516
517
518
519
520
521
522
523
524
525
526
527
528
529
530
531
532
533
534
535
536
537
538
539
540
541
542
543
544
545
546
547
548
549
550
551
552
553
554
555
556
557
558
559
560
561
562
563
564
565
566
567
568
569
570
571
572
573
574
575
576
577
578
579
580
581
582
583
584
585
586
587
588
589
590
591
592
593
594
595
596
597
598
599
600
601
602
603
604
605
606
607
608
609
610
611
612
613
614
615
616
617
618
619
620
621
622
623
624
625
626
627
628
629
630
631
632
633
634
635
636
637
638
639
640
641
642
643
644
645
646
647
648
649
650
651
652
653
654
655
656
657
658
659
660
661
662
663
664
665
666
667
668
669
670
671
672
673
674
675
676
677
678
679
680
681
682
683
684
685
686
687
688
689
690
691
692
693
694
695
696
697
698
699
700
701
702
703
704
705
706
707
708
709
710
711
712
713
714
715
716
717
718
719
720
721
722
723
724
725
726
727
728
729
730
731
732
733
734
735
736
737
738
739
740
741
742
743
744
745
746
747
748
749
750
751
752
753
754
755
756
757
758
759
760
761
762
763
764
765
766
767
768
769
770
771
772
773
774
775
776
777
778
779
780
781
782
783
784
785
786
787
788
789
790
791
792
793
794
)

// ************************************************************************* //
