/*--------------------------------*- C++ -*----------------------------------*\
  =========                 |
  \\      /  F ield         | OpenFOAM: The Open Source CFD Toolbox
   \\    /   O peration     |
    \\  /    A nd           | Version: 13
     \\/     M anipulation  |
\*---------------------------------------------------------------------------*/
FoamFile
{
    version     2.0;
    format      ascii;
    class       vectorField;
    location    "constant/polyMesh";
    object      points;
}
// * * * * * * * * * * * * * * * * * * * * * * * * * * * * * * * * * * * * //
640
(
(0.000354692155 -1.26137986e-20 0.000331462081)
(0.000538381933 -0.00347967519 0.000137269199)
(0.000520398497 0.00348372484 0.000120016177)
(0.00169117941 -0.00691158177 0.000114571306)
(0.0017180607 0.00689927718 0.000142418086)
(0.00368147592 -0.010259283 0.000147923478)
(0.00366157978 0.010273204 0.000124842625)
(0.00641880345 -0.0135663184 0.000141017012)
(0.00642149506 0.0135637561 0.000144581839)
(0.00994679219 -0.0167999413 0.000145311758)
(0.00995583608 0.0167889475 0.000159076418)
(0.0142594682 -0.0199486944 0.000164538226)
(0.0142541583 0.019956617 0.000155257427)
(0.0193302392 -0.0230348327 0.000165326807)
(0.0193319082 0.0230318564 0.000168663792)
(0.0251665757 -0.0260297893 0.000174426767)
(0.0251668027 0.0260293145 0.000174943383)
(0.0317530402 -0.0289379651 0.000179949432)
(0.031754439 0.0289345794 0.00018355621)
(0.0390815852 -0.0317477463 0.000187701901)
(0.0390826283 0.0317448531 0.000190736915)
(0.0471411987 -0.034449497 0.000200958301)
(0.0471376581 0.0344606719 0.000189369484)
(0.0559114597 -0.0370617923 0.000193878142)
(0.0559156095 0.0370469606 0.000209125805)
(0.0653925281 -0.0395291723 0.000217000176)
(0.0653879476 0.0395476549 0.000198126503)
(0.0755520951 -0.0419118053 0.000202272271)
(0.0755568943 0.0418899754 0.000224447148)
(0.0863926276 -0.0441231824 0.000231573925)
(0.0863877231 0.0441483302 0.000206134653)
(0.0978807165 -0.04623371 0.000227578325)
(0.0978803207 0.0462360009 0.000225268524)
(0.110006658 -0.0481961706 0.000232620778)
(0.110006331 0.0481983139 0.000230465543)
(0.122749458 -0.0500148766 0.000237319674)
(0.122749191 0.0500168648 0.000235324581)
(0.136088934 -0.0516854056 0.000241665003)
(0.136088719 0.0516872323 0.000239834981)
(0.150003994 -0.0532039292 0.000245648042)
(0.150003825 0.0532055891 0.000243987311)
(0.16447261 -0.0545672864 0.000249261295)
(0.16447248 0.0545687752 0.000247773305)
(0.179471921 -0.055773002 0.000252498923)
(0.179471824 0.0557743164 0.000251186328)
(0.19497819 -0.0568193527 0.000255356495)
(0.19497812 0.0568204903 0.000254221104)
(0.210965572 -0.0577318196 0.000231440668)
(0.210967794 0.0576872946 0.000275861392)
(0.22741348 -0.0584122478 0.000278480379)
(0.227411705 0.0584578405 0.000233006747)
(0.244288987 -0.0590236827 0.000234417463)
(0.244290311 0.0589774196 0.000280553077)
(0.261571608 -0.0593840323 0.000282211896)
(0.261570721 0.0594308831 0.000235492139)
(0.279229584 -0.0596813707 0.000236406393)
(0.279230046 0.05963431 0.000283337563)
(0.297237668 -0.0597506121 0.000264438465)
(0.297237668 0.0597505931 0.000264457397)
(0.315566221 -0.0596970402 0.000264818489)
(0.315566222 0.0596971833 0.000264675764)
(0.334186269 -0.059478139 0.000284076437)
(0.334186941 0.0595247735 0.000237545921)
(0.353069151 -0.0591568974 0.000264081369)
(0.353069142 0.0591564948 0.000264483219)
(0.372184986 -0.0587061088 0.000237202987)
(0.372183709 0.0586608866 0.00028234978)
(0.391500886 -0.0580539201 0.000280901792)
(0.391502417 0.0580982171 0.000236664361)
(0.410991493 -0.0573658985 0.000235960565)
(0.410989748 0.0573227796 0.000279036062)
(0.430619474 -0.0564738506 0.000276828369)
(0.430621401 0.056515688 0.000235018278)
(0.450360995 -0.055552015 0.0002361416)
(0.450359953 0.0555316928 0.000256457722)
(0.47018111 -0.0545197685 0.000201387809)
(0.47018111 0.0545197753 0.000201381026)
(0.490046961 -0.0533605475 0.000196254125)
(0.490046961 0.0533605503 0.000196251385)
(0.5 0 0.000584158022)
(0.509928366 -0.0521068575 0.00019545147)
(0.509928365 0.0521068561 0.000195452804)
(0.529793772 -0.0507656611 0.000199263634)
(0.529793772 0.0507656557 0.000199269037)
(0.549609238 -0.049310411 0.000241553313)
(0.549610313 0.0493251103 0.000226832241)
(0.569349386 -0.0478308161 0.00023970837)
(0.569349259 0.04782916 0.000241367521)
(0.588981239 -0.0463063467 0.000221425621)
(0.588979099 0.0462796784 0.000248151404)
(0.60846988 -0.0446966475 0.000234210287)
(0.608470026 0.0446983949 0.000232458567)
(0.627787715 -0.0430479583 0.000238675093)
(0.627789615 0.0430698939 0.000216678352)
(0.646906032 -0.0413877114 0.000214114907)
(0.646904281 0.0413681566 0.000233730193)
(0.665788583 -0.0396546975 0.000228615215)
(0.665790157 0.0396717359 0.000211519031)
(0.684411477 -0.0379210524 0.000216352555)
(0.684411292 0.0379191074 0.000218304729)
(0.702742033 -0.0361585043 0.000212094716)
(0.702741841 0.0361565367 0.000214070124)
(0.720752485 -0.034385943 0.000203163884)
(0.720751527 0.034376377 0.000212770386)
(0.738412816 -0.0325937531 0.000205363417)
(0.738413013 0.032595674 0.0002034339)
(0.75569669 -0.0308047308 0.000201850084)
(0.755697156 0.0308091752 0.000197384613)
(0.772576639 -0.0290228632 0.000194554211)
(0.772576426 0.0290208733 0.000196554106)
(0.789025321 -0.0272473766 0.000190111727)
(0.789025105 0.0272453976 0.000192101164)
(0.805016685 -0.0254841821 0.000188370282)
(0.80501701 0.0254870979 0.000185438385)
(0.820526499 -0.0237482909 0.000179959412)
(0.820525885 0.0237428764 0.000185405137)
(0.835528928 -0.0220334255 0.000176865431)
(0.835528707 0.0220315174 0.000178784984)
(0.850000127 -0.0203449359 0.000179335492)
(0.850001303 0.0203549393 0.000169269447)
(0.863919953 -0.0187116079 0.000163981759)
(0.863918479 0.0186992673 0.000176402646)
(0.877262566 -0.017105934 0.000164021986)
(0.87726235 0.0171041524 0.000165815575)
(0.890009115 -0.0155528019 0.000159891816)
(0.890008903 0.0155510744 0.000161631419)
(0.902137492 -0.0140416971 0.000167599889)
(0.902139808 0.0140602512 0.000148911918)
(0.913633909 -0.0126206568 0.000144108994)
(0.913631307 0.0126000903 0.000164828708)
(0.924471105 -0.011222818 0.000162022932)
(0.924473964 0.0112451351 0.000139534593)
(0.934642763 -0.00993889982 0.000135066612)
(0.934639635 0.0099147745 0.000159382425)
(0.944120944 -0.00868108038 0.000156731167)
(0.94412431 0.00870675322 0.000130850118)
(0.952901956 -0.00754160793 0.000138841143)
(0.952902118 0.00754283474 0.000137604129)
(0.960966612 -0.00648383367 0.000122936445)
(0.96096278 0.00645518653 0.00015182761)
(0.968296736 -0.00547197664 0.000149470132)
(0.968300766 0.0055018396 0.00011934713)
(0.974894448 -0.0046117059 0.000115938514)
(0.97489022 0.00458062873 0.00014729186)
(0.980732758 -0.00378500108 0.000145167658)
(0.980737151 0.00381706659 0.000112811839)
(0.985819648 -0.00312139077 0.000109887863)
(0.985815094 0.00308836026 0.000143222506)
(0.990129255 -0.00249381579 0.000141357766)
(0.990133939 0.00252761194 0.00010724573)
(0.99367119 -0.002023699 0.00011965976)
(0.993671277 0.00202432426 0.000119028573)
(0.996431808 -0.00165584697 0.000102689177)
(0.99642691 0.00162077521 0.000138096856)
(0.99840338 -0.00136709939 0.000115561505)
(0.998403321 0.00136667931 0.000115985643)
(0.999585904 -0.00118137441 0.000135382187)
(0.999590903 0.00121703268 9.93767193e-05)
(0.999882061 -0.00115745013 0.000112741678)
(0.999854467 0.00113345684 0.000139119503)
(0.000354692155 1.26137986e-20 0.0996685394)
(0.000538379197 -0.0034796758 0.0998627349)
(0.000520400776 0.00348372433 0.0998799831)
(0.00169117487 -0.00691158385 0.0998854349)
(0.00171806706 0.00689927426 0.0998575768)
(0.00368146684 -0.0102592894 0.0998520885)
(0.00366158627 0.0102731995 0.0998751513)
(0.00641879437 -0.0135663271 0.0998589965)
(0.00642150414 0.0135637475 0.0998554076)
(0.00994678363 -0.0167999517 0.0998547028)
(0.00995584806 0.0167889329 0.0998409068)
(0.0142594556 -0.0199487131 0.0998354852)
(0.0142541672 0.0199566037 0.0998447284)
(0.0193302286 -0.0230348516 0.0998346959)
(0.0193319188 0.0230318375 0.0998313165)
(0.0251665666 -0.0260298082 0.0998255953)
(0.0251668154 0.026029288 0.0998250293)
(0.0317530278 -0.0289379952 0.0998200841)
(0.0317544479 0.0289345579 0.0998164224)
(0.0390815752 -0.0317477741 0.0998123287)
(0.0390826383 0.0317448253 0.0998092354)
(0.0471411905 -0.0344495229 0.0997990701)
(0.0471376696 0.0344606355 0.0998105943)
(0.0559114487 -0.0370618314 0.0998061635)
(0.0559156173 0.0370469327 0.099790847)
(0.0653925208 -0.0395292019 0.0997830316)
(0.0653879579 0.0395476134 0.0998018326)
(0.0755520855 -0.041911849 0.0997977736)
(0.0755569011 0.0418899442 0.0997755227)
(0.0863926212 -0.0441232149 0.0997684604)
(0.086387732 0.0441482847 0.0997938208)
(0.0978807097 -0.0462337492 0.0997724627)
(0.0978803275 0.0462359617 0.0997746935)
(0.110006652 -0.0481962108 0.0997674211)
(0.110006337 0.0481982737 0.0997694955)
(0.122749452 -0.0500149176 0.0997627229)
(0.122749196 0.0500168239 0.0997646358)
(0.136088929 -0.051685447 0.099758378)
(0.136088724 0.0516871909 0.099760125)
(0.15000399 -0.0532039708 0.0997543951)
(0.150003829 0.0532055475 0.0997559725)
(0.164472606 -0.0545673279 0.0997507817)
(0.164472483 0.0545687336 0.0997521867)
(0.179471918 -0.0557730432 0.0997475437)
(0.179471827 0.0557742751 0.099748774)
(0.194978188 -0.0568193933 0.0997446855)
(0.194978123 0.0568204497 0.0997457399)
(0.210965569 -0.0577318673 0.0997686084)
(0.210967795 0.0576872605 0.0997241061)
(0.227413479 -0.0584122809 0.0997215541)
(0.227411707 0.0584577941 0.0997669485)
(0.244288986 -0.0590237273 0.0997656286)
(0.244290312 0.0589773877 0.0997194166)
(0.261571608 -0.0593840628 0.09971782)
(0.261570722 0.0594308404 0.0997644667)
(0.279229584 -0.0596814112 0.0997636355)
(0.279230047 0.0596342811 0.0997166351)
(0.297237668 -0.0597506437 0.0997355946)
(0.297237668 0.0597505614 0.0997355125)
(0.315566221 -0.0596970696 0.0997352123)
(0.315566222 0.0596971539 0.0997352964)
(0.33418627 -0.0594781621 0.0997159481)
(0.33418694 0.0595247412 0.0997624233)
(0.353069151 -0.0591569217 0.0997359444)
(0.353069141 0.0591564705 0.099735494)
(0.372184987 -0.0587061345 0.0997628242)
(0.372183708 0.0586608682 0.0997176333)
(0.391500887 -0.058053936 0.0997191155)
(0.391502416 0.0580981949 0.0997633149)
(0.410991494 -0.057365917 0.0997640594)
(0.410989747 0.0573227664 0.0997209522)
(0.430619474 -0.0564738611 0.0997231836)
(0.4306214 0.0565156733 0.0997649685)
(0.450360996 -0.055552024 0.0997638689)
(0.450359952 0.0555316852 0.0997435361)
(0.47018111 -0.0545197753 0.0997986205)
(0.47018111 0.0545197685 0.0997986137)
(0.490046961 -0.0533605503 0.0998037501)
(0.490046961 0.0533605475 0.0998037474)
(0.5 0 0.0994158435)
(0.509928365 -0.0521068561 0.0998045487)
(0.509928366 0.0521068575 0.09980455)
(0.529793772 -0.0507656557 0.0998007325)
(0.529793772 0.0507656611 0.0998007379)
(0.549609237 -0.0493104043 0.0997584414)
(0.549610314 0.0493251181 0.0997731771)
(0.569349385 -0.0478308049 0.0997602819)
(0.56934926 0.0478291711 0.0997586452)
(0.588981238 -0.0463063294 0.0997785585)
(0.5889791 0.0462796908 0.0997518625)
(0.608469878 -0.0446966299 0.0997657736)
(0.608470027 0.0446984125 0.0997675605)
(0.627787714 -0.0430479406 0.0997613087)
(0.627789618 0.0430699186 0.099783348)
(0.64690603 -0.0413876831 0.0997858582)
(0.646904283 0.0413681768 0.0997662916)
(0.665788581 -0.0396546749 0.0997713636)
(0.66579016 0.0396717675 0.0997885142)
(0.684411474 -0.0379210234 0.0997836199)
(0.684411294 0.0379191363 0.0997817258)
(0.70274203 -0.0361584729 0.0997878753)
(0.702741844 0.0361565681 0.0997859629)
(0.720752481 -0.0343859027 0.0997967971)
(0.72075153 0.0343764058 0.09978726)
(0.738412812 -0.0325937175 0.0997946023)
(0.738413016 0.0325957097 0.0997966034)
(0.755696686 -0.0308046987 0.0997981192)
(0.75569716 0.0308092201 0.099802662)
(0.772576635 -0.0290228242 0.0998054081)
(0.77257643 0.0290209123 0.0998034866)
(0.789025317 -0.0272473362 0.0998098492)
(0.789025109 0.0272454379 0.0998079409)
(0.80501668 -0.0254841324 0.0998115812)
(0.805017014 0.0254871334 0.0998145988)
(0.820526495 -0.0237482547 0.0998200057)
(0.820525891 0.0237429271 0.0998146473)
(0.835528923 -0.0220333827 0.099823093)
(0.835528712 0.0220315602 0.0998212595)
(0.850000121 -0.0203448842 0.099820614)
(0.850001307 0.0203549761 0.0998307692)
(0.863919948 -0.018711571 0.0998359826)
(0.863918485 0.0186993189 0.0998236508)
(0.877262561 -0.0171058912 0.0998359365)
(0.877262355 0.0171041951 0.0998342289)
(0.89000911 -0.0155527598 0.0998400672)
(0.890008908 0.0155511166 0.0998384126)
(0.902137486 -0.0140416475 0.0998323516)
(0.902139812 0.0140602866 0.0998511253)
(0.913633904 -0.0126206223 0.0998558577)
(0.913631313 0.0126001386 0.0998352215)
(0.924471099 -0.0112227713 0.0998379315)
(0.924473968 0.0112451684 0.0998605005)
(0.934642758 -0.00993886782 0.0998649026)
(0.93463964 0.0099148193 0.0998406642)
(0.944120939 -0.00868103779 0.0998432274)
(0.944124314 0.00870678365 0.099869182)
(0.952901951 -0.0075415745 0.0998611266)
(0.952902122 0.00754286816 0.0998624311)
(0.960966609 -0.00648380699 0.0998770381)
(0.960962785 0.00645522389 0.0998482116)
(0.968296732 -0.00547194228 0.0998504967)
(0.96830077 0.00550186414 0.0998806791)
(0.974894445 -0.00461168365 0.0998840405)
(0.974890225 0.00458065988 0.0998527411)
(0.980732754 -0.00378497336 0.0998548059)
(0.980737154 0.0038170864 0.0998872096)
(0.985819645 -0.00312137354 0.0998900962)
(0.985815098 0.00308838437 0.0998568033)
(0.990129252 -0.00249379545 0.0998586232)
(0.990133941 0.00252762647 0.0998927704)
(0.993671188 -0.0020236853 0.0998803279)
(0.993671279 0.00202433796 0.0998809867)
(0.996431806 -0.0016558381 0.0998973034)
(0.996426911 0.00162078763 0.0998619172)
(0.998403379 -0.00136709244 0.099884433)
(0.998403322 0.00136668625 0.0998840229)
(0.999585903 -0.00118137023 0.0998646151)
(0.999590904 0.00121703567 0.0999006278)
(0.999882078 -0.00115746557 0.0998872768)
(0.999854445 0.00113343754 0.0998608608)
(0 0 0)
(0.00039530138 -0.00351189519 0)
(0.00039530138 0.00351189519 0)
(0.00158058049 -0.00696220715 0)
(0.00158058049 0.00696220715 0)
(0.00355396303 -0.0103485016 0)
(0.00355396303 0.0103485016 0)
(0.00631232886 -0.0136676775 0)
(0.00631232886 0.0136676775 0)
(0.00985131692 -0.0169160012 0)
(0.00985131692 0.0169160012 0)
(0.0141653297 -0.0200891532 0)
(0.0141653297 0.0200891532 0)
(0.0192475487 -0.0231822878 0)
(0.0192475487 0.0231822878 0)
(0.0250899345 -0.0261900946 0)
(0.0250899345 0.0261900946 0)
(0.0316832513 -0.0291068871 0)
(0.0316832513 0.0291068871 0)
(0.0390170738 -0.0319266804 0)
(0.0390170738 0.0319266804 0)
(0.0470798016 -0.0346432775 0)
(0.0470798016 0.0346432775 0)
(0.055858694 -0.037250381 0)
(0.055858694 0.037250381 0)
(0.0653398633 -0.0397416763 0)
(0.0653398633 0.0397416763 0)
(0.0755083188 -0.0421109311 0)
(0.0755083188 0.0421109311 0)
(0.0863479823 -0.044352103 0)
(0.0863479823 0.044352103 0)
(0.0978417173 -0.0464594252 0)
(0.0978417173 0.0464594252 0)
(0.109971344 -0.0484274961 0)
(0.109971344 0.0484274961 0)
(0.122717693 -0.0502513722 0)
(0.122717693 0.0502513722 0)
(0.136060596 -0.0519266352 0)
(0.136060596 0.0519266352 0)
(0.149978966 -0.0534494594 0)
(0.149978966 0.0534494594 0)
(0.16445078 -0.0548166856 0)
(0.16445078 0.0548166856 0)
(0.179453179 -0.0560258403 0)
(0.179453179 0.0560258403 0)
(0.194962427 -0.0570752025 0)
(0.194962427 0.0570752025 0)
(0.210953996 -0.0579638034 0)
(0.210953996 0.0579638034 0)
(0.227402613 -0.0586914569 0)
(0.227402613 0.0586914569 0)
(0.244282261 -0.0592587478 0)
(0.244282261 0.0592587478 0)
(0.261566252 -0.0596670359 0)
(0.261566252 0.0596670359 0)
(0.279227257 -0.0599184297 0)
(0.279227257 0.0599184297 0)
(0.297237337 -0.0600157492 0)
(0.297237337 0.0600157492 0)
(0.31556803 -0.0599625111 0)
(0.31556803 0.0599625111 0)
(0.334190369 -0.0597628504 0)
(0.334190369 0.0597628504 0)
(0.353074849 -0.0594214983 0)
(0.353074849 0.0594214983 0)
(0.372191697 -0.0589437075 0)
(0.372191697 0.0589437075 0)
(0.391510606 -0.0583352 0)
(0.391510606 0.0583352 0)
(0.411001056 -0.0576020963 0)
(0.411001056 0.0576020963 0)
(0.430632234 -0.0567508601 0)
(0.430632234 0.0567508601 0)
(0.450373113 -0.0557882264 0)
(0.450373113 0.0557882264 0)
(0.470192432 -0.0547211431 0)
(0.470192432 0.0547211431 0)
(0.490058899 -0.0535567179 0)
(0.490058899 0.0535567179 0)
(0.5 0 0)
(0.509941101 -0.0523021556 0)
(0.509941101 0.0523021556 0)
(0.529807568 -0.0509646982 0)
(0.529807568 0.0509646982 0)
(0.549626887 -0.0495516062 0)
(0.549626887 0.0495516062 0)
(0.569367766 -0.048070088 0)
(0.569367766 0.048070088 0)
(0.588998973 -0.0465272963 0)
(0.588998973 0.0465272963 0)
(0.608489394 -0.0449302793 0)
(0.608489394 0.0449302793 0)
(0.627808332 -0.0432859696 0)
(0.627808332 0.0432859696 0)
(0.646925151 -0.0416011661 0)
(0.646925151 0.0416011661 0)
(0.665809631 -0.0398825407 0)
(0.665809631 0.0398825407 0)
(0.68443197 -0.0381366126 0)
(0.68443197 0.0381366126 0)
(0.702762663 -0.0363697633 0)
(0.702762663 0.0363697633 0)
(0.720772743 -0.0345882513 0)
(0.720772743 0.0345882513 0)
(0.738433778 -0.0327981971 0)
(0.738433778 0.0327981971 0)
(0.755717754 -0.0310056247 0)
(0.755717754 0.0310056247 0)
(0.772597373 -0.029216446 0)
(0.772597373 0.029216446 0)
(0.78904599 -0.0274364911 0)
(0.78904599 0.0274364911 0)
(0.805037558 -0.0256715175 0)
(0.805037558 0.0256715175 0)
(0.820546806 -0.0239272173 0)
(0.820546806 0.0239272173 0)
(0.835549235 -0.0222092327 0)
(0.835549235 0.0222092327 0)
(0.850021064 -0.0205231551 0)
(0.850021064 0.0205231551 0)
(0.863939404 -0.0188745297 0)
(0.863939404 0.0188745297 0)
(0.877282321 -0.017268857 0)
(0.877282321 0.017268857 0)
(0.890028656 -0.0157115851 0)
(0.890028656 0.0157115851 0)
(0.90215826 -0.0142080961 0)
(0.90215826 0.0142080961 0)
(0.913652003 -0.0127637004 0)
(0.913652003 0.0127637004 0)
(0.924491704 -0.0113836071 0)
(0.924491704 0.0113836071 0)
(0.934660137 -0.0100729084 0)
(0.934660137 0.0100729084 0)
(0.944141328 -0.00883655064 0)
(0.944141328 0.00883655064 0)
(0.952920198 -0.00767930364 0)
(0.952920198 0.00767930364 0)
(0.960982919 -0.00660573179 0)
(0.960982919 0.00660573179 0)
(0.968316734 -0.00562015641 0)
(0.968316734 0.00562015641 0)
(0.97491008 -0.00472662318 0)
(0.97491008 0.00472662318 0)
(0.980752468 -0.00392886624 0)
(0.980752468 0.00392886624 0)
(0.985834658 -0.00323027605 0)
(0.985834658 0.00323027605 0)
(0.990148664 -0.00263386453 0)
(0.990148664 0.00263386453 0)
(0.993687689 -0.00214223634 0)
(0.993687689 0.00214223634 0)
(0.996446013 -0.00175756193 0)
(0.996446013 0.00175756193 0)
(0.998419404 -0.00148155447 0)
(0.998419404 0.00148155447 0)
(0.999604702 -0.00131545111 0)
(0.999604702 0.00131545111 0)
(1 -0.00126000005 0)
(1 0.00126000005 0)
(0 0 0.100000001)
(0.00039530138 -0.00351189519 0.100000001)
(0.00039530138 0.00351189519 0.100000001)
(0.00158058049 -0.00696220715 0.100000001)
(0.00158058049 0.00696220715 0.100000001)
(0.00355396303 -0.0103485016 0.100000001)
(0.00355396303 0.0103485016 0.100000001)
(0.00631232886 -0.0136676775 0.100000001)
(0.00631232886 0.0136676775 0.100000001)
(0.00985131692 -0.0169160012 0.100000001)
(0.00985131692 0.0169160012 0.100000001)
(0.0141653297 -0.0200891532 0.100000001)
(0.0141653297 0.0200891532 0.100000001)
(0.0192475487 -0.0231822878 0.100000001)
(0.0192475487 0.0231822878 0.100000001)
(0.0250899345 -0.0261900946 0.100000001)
(0.0250899345 0.0261900946 0.100000001)
(0.0316832513 -0.0291068871 0.100000001)
(0.0316832513 0.0291068871 0.100000001)
(0.0390170738 -0.0319266804 0.100000001)
(0.0390170738 0.0319266804 0.100000001)
(0.0470798016 -0.0346432775 0.100000001)
(0.0470798016 0.0346432775 0.100000001)
(0.055858694 -0.037250381 0.100000001)
(0.055858694 0.037250381 0.100000001)
(0.0653398633 -0.0397416763 0.100000001)
(0.0653398633 0.0397416763 0.100000001)
(0.0755083188 -0.0421109311 0.100000001)
(0.0755083188 0.0421109311 0.100000001)
(0.0863479823 -0.044352103 0.100000001)
(0.0863479823 0.044352103 0.100000001)
(0.0978417173 -0.0464594252 0.100000001)
(0.0978417173 0.0464594252 0.100000001)
(0.109971344 -0.0484274961 0.100000001)
(0.109971344 0.0484274961 0.100000001)
(0.122717693 -0.0502513722 0.100000001)
(0.122717693 0.0502513722 0.100000001)
(0.136060596 -0.0519266352 0.100000001)
(0.136060596 0.0519266352 0.100000001)
(0.149978966 -0.0534494594 0.100000001)
(0.149978966 0.0534494594 0.100000001)
(0.16445078 -0.0548166856 0.100000001)
(0.16445078 0.0548166856 0.100000001)
(0.179453179 -0.0560258403 0.100000001)
(0.179453179 0.0560258403 0.100000001)
(0.194962427 -0.0570752025 0.100000001)
(0.194962427 0.0570752025 0.100000001)
(0.210953996 -0.0579638034 0.100000001)
(0.210953996 0.0579638034 0.100000001)
(0.227402613 -0.0586914569 0.100000001)
(0.227402613 0.0586914569 0.100000001)
(0.244282261 -0.0592587478 0.100000001)
(0.244282261 0.0592587478 0.100000001)
(0.261566252 -0.0596670359 0.100000001)
(0.261566252 0.0596670359 0.100000001)
(0.279227257 -0.0599184297 0.100000001)
(0.279227257 0.0599184297 0.100000001)
(0.297237337 -0.0600157492 0.100000001)
(0.297237337 0.0600157492 0.100000001)
(0.31556803 -0.0599625111 0.100000001)
(0.31556803 0.0599625111 0.100000001)
(0.334190369 -0.0597628504 0.100000001)
(0.334190369 0.0597628504 0.100000001)
(0.353074849 -0.0594214983 0.100000001)
(0.353074849 0.0594214983 0.100000001)
(0.372191697 -0.0589437075 0.100000001)
(0.372191697 0.0589437075 0.100000001)
(0.391510606 -0.0583352 0.100000001)
(0.391510606 0.0583352 0.100000001)
(0.411001056 -0.0576020963 0.100000001)
(0.411001056 0.0576020963 0.100000001)
(0.430632234 -0.0567508601 0.100000001)
(0.430632234 0.0567508601 0.100000001)
(0.450373113 -0.0557882264 0.100000001)
(0.450373113 0.0557882264 0.100000001)
(0.470192432 -0.0547211431 0.100000001)
(0.470192432 0.0547211431 0.100000001)
(0.490058899 -0.0535567179 0.100000001)
(0.490058899 0.0535567179 0.100000001)
(0.5 0 0.100000001)
(0.509941101 -0.0523021556 0.100000001)
(0.509941101 0.0523021556 0.100000001)
(0.529807568 -0.0509646982 0.100000001)
(0.529807568 0.0509646982 0.100000001)
(0.549626887 -0.0495516062 0.100000001)
(0.549626887 0.0495516062 0.100000001)
(0.569367766 -0.048070088 0.100000001)
(0.569367766 0.048070088 0.100000001)
(0.588998973 -0.0465272963 0.100000001)
(0.588998973 0.0465272963 0.100000001)
(0.608489394 -0.0449302793 0.100000001)
(0.608489394 0.0449302793 0.100000001)
(0.627808332 -0.0432859696 0.100000001)
(0.627808332 0.0432859696 0.100000001)
(0.646925151 -0.0416011661 0.100000001)
(0.646925151 0.0416011661 0.100000001)
(0.665809631 -0.0398825407 0.100000001)
(0.665809631 0.0398825407 0.100000001)
(0.68443197 -0.0381366126 0.100000001)
(0.68443197 0.0381366126 0.100000001)
(0.702762663 -0.0363697633 0.100000001)
(0.702762663 0.0363697633 0.100000001)
(0.720772743 -0.0345882513 0.100000001)
(0.720772743 0.0345882513 0.100000001)
(0.738433778 -0.0327981971 0.100000001)
(0.738433778 0.0327981971 0.100000001)
(0.755717754 -0.0310056247 0.100000001)
(0.755717754 0.0310056247 0.100000001)
(0.772597373 -0.029216446 0.100000001)
(0.772597373 0.029216446 0.100000001)
(0.78904599 -0.0274364911 0.100000001)
(0.78904599 0.0274364911 0.100000001)
(0.805037558 -0.0256715175 0.100000001)
(0.805037558 0.0256715175 0.100000001)
(0.820546806 -0.0239272173 0.100000001)
(0.820546806 0.0239272173 0.100000001)
(0.835549235 -0.0222092327 0.100000001)
(0.835549235 0.0222092327 0.100000001)
(0.850021064 -0.0205231551 0.100000001)
(0.850021064 0.0205231551 0.100000001)
(0.863939404 -0.0188745297 0.100000001)
(0.863939404 0.0188745297 0.100000001)
(0.877282321 -0.017268857 0.100000001)
(0.877282321 0.017268857 0.100000001)
(0.890028656 -0.0157115851 0.100000001)
(0.890028656 0.0157115851 0.100000001)
(0.90215826 -0.0142080961 0.100000001)
(0.90215826 0.0142080961 0.100000001)
(0.913652003 -0.0127637004 0.100000001)
(0.913652003 0.0127637004 0.100000001)
(0.924491704 -0.0113836071 0.100000001)
(0.924491704 0.0113836071 0.100000001)
(0.934660137 -0.0100729084 0.100000001)
(0.934660137 0.0100729084 0.100000001)
(0.944141328 -0.00883655064 0.100000001)
(0.944141328 0.00883655064 0.100000001)
(0.952920198 -0.00767930364 0.100000001)
(0.952920198 0.00767930364 0.100000001)
(0.960982919 -0.00660573179 0.100000001)
(0.960982919 0.00660573179 0.100000001)
(0.968316734 -0.00562015641 0.100000001)
(0.968316734 0.00562015641 0.100000001)
(0.97491008 -0.00472662318 0.100000001)
(0.97491008 0.00472662318 0.100000001)
(0.980752468 -0.00392886624 0.100000001)
(0.980752468 0.00392886624 0.100000001)
(0.985834658 -0.00323027605 0.100000001)
(0.985834658 0.00323027605 0.100000001)
(0.990148664 -0.00263386453 0.100000001)
(0.990148664 0.00263386453 0.100000001)
(0.993687689 -0.00214223634 0.100000001)
(0.993687689 0.00214223634 0.100000001)
(0.996446013 -0.00175756193 0.100000001)
(0.996446013 0.00175756193 0.100000001)
(0.998419404 -0.00148155447 0.100000001)
(0.998419404 0.00148155447 0.100000001)
(0.999604702 -0.00131545111 0.100000001)
(0.999604702 0.00131545111 0.100000001)
(1 -0.00126000005 0.100000001)
(1 0.00126000005 0.100000001)
)

// ************************************************************************* //
