/*--------------------------------*- C++ -*----------------------------------*\
  =========                 |
  \\      /  F ield         | OpenFOAM: The Open Source CFD Toolbox
   \\    /   O peration     |
    \\  /    A nd           | Version: 13
     \\/     M anipulation  |
\*---------------------------------------------------------------------------*/
FoamFile
{
    version     2.0;
    format      ascii;
    class       faceList;
    location    "constant/polyMesh";
    object      faces;
}
// * * * * * * * * * * * * * * * * * * * * * * * * * * * * * * * * * * * * //
3888
(
3(661 485 660)
3(439 660 485)
3(661 439 485)
3(661 660 439)
3(510 662 546)
3(546 662 665)
3(510 546 665)
3(510 665 662)
3(204 653 644)
3(216 653 204)
3(216 204 644)
3(216 644 653)
3(289 308 651)
3(289 651 267)
3(308 267 651)
3(308 651 349)
3(289 349 651)
3(551 581 661)
3(551 661 660)
3(551 660 581)
3(661 581 660)
3(141 169 642)
3(129 642 169)
3(141 642 129)
3(181 169 642)
3(141 181 642)
3(211 169 642)
3(211 642 181)
3(195 211 642)
3(211 651 642)
3(195 651 211)
3(195 642 651)
3(195 169 642)
3(195 645 191)
3(195 191 654)
3(191 645 654)
3(195 654 645)
3(282 315 656)
3(282 656 653)
3(282 653 315)
3(656 315 653)
3(407 361 654)
3(361 357 654)
3(407 654 357)
3(407 403 654)
3(361 654 403)
3(578 546 665)
3(546 542 665)
3(578 665 542)
3(534 662 546)
3(534 510 662)
3(395 652 651)
3(395 651 439)
3(395 439 652)
3(439 651 652)
3(395 652 349)
3(395 349 651)
3(349 652 651)
3(354 653 384)
3(400 384 653)
3(354 400 653)
3(354 653 338)
3(338 653 384)
3(244 290 653)
3(244 652 290)
3(653 290 652)
3(244 653 652)
3(268 653 244)
3(268 290 653)
3(268 653 216)
3(244 216 653)
3(77 643 101)
3(73 643 77)
3(73 101 643)
3(109 77 643)
3(109 643 101)
3(42 62 647)
3(70 647 62)
3(42 647 70)
3(50 24 646)
3(42 646 24)
3(50 646 42)
3(243 651 267)
3(243 289 651)
3(215 651 267)
3(243 651 215)
3(243 289 652)
3(289 651 652)
3(243 652 651)
3(173 642 215)
3(199 642 173)
3(199 215 642)
3(243 652 219)
3(199 219 652)
3(199 652 243)
3(69 49 645)
3(69 645 642)
3(69 642 49)
3(49 642 645)
3(561 581 661)
3(561 661 551)
3(585 581 661)
3(561 585 661)
3(529 551 660)
3(529 660 505)
3(551 505 660)
3(529 661 660)
3(529 551 661)
3(529 660 485)
3(485 660 505)
3(529 661 485)
3(529 661 561)
3(529 537 661)
3(561 661 537)
3(545 663 541)
3(577 541 663)
3(577 663 545)
3(477 443 663)
3(477 660 443)
3(477 663 660)
3(443 660 663)
3(525 505 660)
3(525 660 551)
3(203 642 215)
3(203 173 642)
3(203 642 651)
3(203 651 215)
3(215 651 642)
3(223 642 211)
3(223 651 642)
3(223 211 651)
3(223 642 181)
3(223 203 642)
3(223 651 203)
3(203 642 181)
3(314 654 357)
3(314 651 654)
3(314 357 651)
3(654 651 357)
3(161 191 645)
3(161 645 149)
3(149 645 191)
3(161 195 645)
3(161 642 129)
3(161 645 642)
3(129 642 645)
3(161 129 645)
3(161 642 169)
3(161 195 642)
3(195 645 642)
3(239 651 211)
3(239 195 651)
3(317 278 656)
3(319 656 278)
3(317 656 319)
3(317 656 282)
3(317 315 656)
3(282 278 656)
3(319 321 656)
3(366 319 656)
3(366 656 321)
3(212 653 196)
3(212 644 653)
3(212 196 644)
3(196 653 644)
3(212 653 240)
3(196 240 653)
3(212 653 256)
3(256 653 240)
3(224 212 653)
3(224 653 256)
3(224 204 644)
3(224 644 182)
3(204 182 644)
3(224 653 644)
3(224 204 653)
3(224 644 212)
3(212 644 182)
3(313 653 354)
3(313 315 653)
3(354 653 315)
3(313 653 338)
3(232 656 282)
3(232 278 656)
3(232 656 192)
3(232 196 656)
3(196 192 656)
3(232 282 653)
3(282 240 653)
3(232 653 240)
3(232 656 653)
3(451 654 403)
3(411 403 654)
3(411 654 451)
3(436 424 662)
3(436 662 653)
3(436 653 424)
3(424 653 662)
3(309 653 268)
3(309 290 653)
3(346 652 294)
3(346 305 652)
3(294 652 305)
3(294 307 652)
3(346 652 307)
3(447 443 654)
3(447 654 663)
3(447 663 443)
3(443 663 654)
3(447 407 654)
3(407 443 654)
3(447 403 654)
3(447 654 451)
3(447 451 663)
3(451 654 663)
3(447 663 477)
3(427 660 651)
3(427 443 660)
3(427 651 443)
3(443 651 660)
3(415 660 651)
3(427 660 415)
3(427 415 651)
3(423 439 651)
3(423 651 660)
3(423 660 439)
3(439 660 651)
3(423 395 651)
3(481 660 525)
3(481 505 660)
3(525 497 660)
3(481 660 497)
3(297 267 651)
3(297 651 308)
3(636 664 635)
3(635 664 641)
3(636 641 664)
3(636 664 629)
3(635 629 664)
3(602 598 665)
3(578 665 598)
3(602 665 578)
3(620 598 665)
3(602 620 665)
3(610 661 606)
3(606 661 586)
3(610 586 661)
3(610 664 606)
3(610 661 664)
3(606 664 661)
3(616 620 665)
3(620 664 665)
3(616 664 620)
3(616 665 664)
3(616 598 665)
3(616 606 664)
3(616 664 590)
3(590 664 606)
3(570 590 665)
3(570 665 662)
3(570 662 590)
3(590 662 665)
3(570 598 665)
3(590 665 598)
3(570 578 665)
3(570 665 546)
3(570 546 662)
3(570 534 662)
3(558 570 662)
3(558 662 590)
3(558 534 662)
3(582 661 586)
3(582 606 661)
3(582 662 552)
3(661 552 662)
3(582 552 661)
3(582 661 662)
3(582 662 558)
3(558 662 552)
3(582 662 590)
3(514 665 546)
3(514 542 665)
3(514 665 510)
3(522 665 514)
3(522 542 665)
3(514 490 665)
3(522 665 490)
3(498 662 470)
3(470 662 458)
3(498 458 662)
3(498 510 662)
3(498 662 534)
3(470 510 662)
3(428 470 662)
3(428 662 458)
3(428 653 400)
3(428 384 653)
3(428 444 662)
3(444 470 662)
3(428 444 653)
3(428 653 662)
3(444 662 653)
3(444 653 400)
3(260 652 290)
3(260 244 652)
3(260 652 307)
3(307 652 290)
3(260 652 294)
3(274 656 319)
3(274 321 656)
3(274 656 278)
3(190 194 647)
3(190 656 194)
3(190 647 656)
3(656 647 194)
3(448 452 665)
3(448 665 490)
3(490 665 452)
3(448 452 656)
3(656 452 665)
3(448 656 665)
3(448 656 408)
3(444 408 656)
3(448 444 656)
3(87 109 643)
3(87 643 642)
3(87 642 109)
3(109 642 643)
3(87 77 643)
3(87 643 57)
3(87 57 642)
3(57 643 642)
3(57 77 643)
3(87 642 133)
3(109 133 642)
3(96 128 647)
3(128 100 647)
3(96 647 100)
3(28 646 20)
3(28 20 647)
3(28 647 646)
3(20 646 647)
3(28 646 14)
3(20 14 646)
3(38 647 42)
3(38 62 647)
3(38 647 20)
3(42 20 647)
3(38 647 28)
3(66 62 647)
3(38 66 647)
3(130 647 644)
3(162 130 644)
3(162 647 130)
3(162 644 647)
3(158 182 644)
3(158 644 204)
3(94 70 647)
3(94 647 62)
3(94 644 130)
3(94 647 644)
3(94 130 647)
3(94 644 106)
3(130 106 644)
3(94 70 644)
3(70 647 644)
3(106 70 644)
3(68 86 647)
3(66 647 86)
3(68 647 66)
3(86 647 100)
3(68 100 647)
3(58 88 644)
3(88 643 644)
3(58 643 88)
3(58 644 643)
3(134 644 114)
3(114 644 88)
3(134 88 644)
3(158 644 114)
3(134 644 158)
3(259 652 293)
3(259 251 652)
3(251 293 652)
3(259 652 306)
3(306 652 293)
3(259 652 289)
3(306 289 652)
3(259 219 652)
3(251 652 219)
3(259 243 652)
3(3 646 0)
3(1 646 3)
3(1 0 646)
3(4 646 11)
3(16 11 646)
3(4 16 646)
3(4 3 646)
3(4 646 0)
3(3 646 11)
3(30 646 16)
3(30 11 646)
3(30 643 45)
3(54 45 643)
3(30 54 643)
3(29 643 45)
3(30 643 29)
3(53 45 643)
3(53 643 73)
3(73 643 45)
3(53 29 643)
3(53 643 77)
3(53 643 57)
3(41 645 69)
3(41 49 645)
3(7 646 1)
3(1 646 13)
3(7 13 646)
3(7 646 3)
3(33 29 643)
3(33 643 53)
3(33 646 23)
3(23 646 49)
3(33 49 646)
3(33 29 646)
3(29 643 646)
3(33 646 643)
3(33 643 57)
3(93 642 645)
3(93 645 129)
3(93 129 642)
3(93 642 69)
3(93 69 645)
3(605 661 585)
3(605 581 661)
3(639 635 664)
3(639 664 641)
3(557 551 660)
3(557 660 581)
3(557 525 660)
3(513 545 663)
3(513 663 541)
3(533 660 525)
3(533 497 660)
3(533 660 557)
3(247 651 215)
3(247 203 651)
3(247 651 267)
3(247 651 223)
3(247 263 651)
3(223 651 263)
3(247 651 297)
3(297 263 651)
3(157 173 642)
3(157 642 203)
3(157 133 642)
3(173 642 133)
3(157 181 642)
3(157 642 141)
3(316 357 654)
3(316 654 361)
3(316 314 654)
3(273 654 277)
3(235 277 654)
3(235 654 273)
3(125 161 645)
3(125 645 149)
3(125 129 645)
3(125 645 93)
3(93 645 97)
3(125 97 645)
3(281 654 314)
3(281 651 654)
3(281 314 651)
3(281 316 654)
3(316 277 654)
3(281 654 277)
3(404 448 656)
3(404 656 408)
3(404 452 656)
3(142 644 158)
3(142 182 644)
3(142 644 114)
3(142 644 106)
3(114 106 644)
3(142 644 130)
3(298 653 268)
3(298 309 653)
3(286 653 240)
3(286 256 653)
3(286 653 282)
3(286 653 315)
3(286 653 313)
3(236 278 656)
3(236 656 232)
3(236 274 656)
3(274 656 230)
3(236 230 656)
3(236 656 192)
3(365 367 654)
3(365 654 320)
3(367 320 654)
3(365 411 654)
3(367 654 411)
3(365 654 403)
3(365 361 654)
3(573 577 663)
3(601 663 577)
3(573 663 601)
3(573 663 541)
3(555 541 663)
3(573 555 663)
3(449 654 409)
3(445 409 654)
3(449 445 654)
3(350 653 309)
3(350 290 653)
3(530 538 661)
3(530 661 502)
3(538 502 661)
3(530 661 552)
3(530 662 661)
3(530 552 662)
3(466 662 424)
3(466 440 662)
3(440 424 662)
3(466 662 436)
3(416 653 428)
3(416 384 653)
3(416 662 436)
3(416 458 662)
3(436 662 458)
3(416 662 653)
3(416 653 436)
3(416 428 662)
3(369 652 346)
3(369 305 652)
3(369 388 652)
3(388 413 652)
3(369 652 413)
3(388 652 346)
3(431 661 652)
3(419 661 431)
3(419 431 652)
3(419 652 661)
3(419 652 395)
3(419 439 652)
3(455 652 431)
3(455 661 652)
3(455 431 661)
3(455 652 413)
3(431 413 652)
3(501 529 661)
3(501 661 485)
3(501 537 661)
3(469 443 660)
3(469 660 427)
3(469 477 660)
3(399 651 443)
3(399 427 651)
3(399 654 443)
3(443 654 651)
3(399 651 654)
3(399 654 407)
3(435 660 651)
3(435 415 660)
3(435 651 415)
3(435 660 423)
3(435 423 651)
3(341 651 308)
3(341 297 651)
3(457 660 497)
3(457 481 660)
3(457 427 660)
3(457 660 415)
3(457 660 469)
3(469 660 497)
3(457 660 435)
3(435 481 660)
3(465 660 505)
3(465 485 660)
3(465 660 481)
3(465 439 660)
3(465 660 435)
3(465 423 660)
3(614 665 620)
3(614 620 664)
3(614 664 665)
3(614 665 602)
3(628 664 614)
3(628 620 664)
3(574 578 665)
3(574 665 542)
3(574 602 665)
3(593 661 610)
3(593 586 661)
3(609 661 593)
3(609 585 661)
3(593 661 585)
3(609 661 610)
3(609 605 661)
3(605 661 664)
3(609 605 664)
3(609 664 661)
3(624 629 664)
3(624 664 610)
3(610 664 629)
3(624 636 664)
3(624 664 606)
3(624 664 616)
3(562 582 661)
3(562 661 586)
3(562 552 661)
3(562 530 661)
3(562 538 661)
3(276 656 274)
3(276 321 656)
3(276 656 230)
3(132 647 96)
3(132 128 647)
3(454 450 656)
3(454 665 450)
3(454 656 665)
3(450 665 656)
3(154 644 643)
3(154 200 644)
3(154 643 200)
3(200 643 644)
3(220 652 244)
3(220 200 652)
3(200 244 652)
3(220 652 260)
3(120 647 100)
3(120 86 647)
3(120 647 128)
3(152 647 190)
3(152 194 647)
3(152 120 647)
3(152 647 128)
3(478 490 665)
3(478 665 514)
3(478 448 665)
3(478 665 510)
3(478 662 510)
3(478 665 662)
3(478 662 470)
3(478 662 444)
3(81 642 49)
3(81 69 642)
3(81 642 57)
3(57 642 49)
3(81 642 87)
3(22 647 28)
3(28 647 40)
3(22 40 647)
3(22 646 28)
3(22 647 646)
3(22 646 14)
3(170 162 644)
3(170 644 196)
3(162 196 644)
3(170 130 644)
3(170 142 644)
3(170 644 212)
3(170 644 182)
3(98 66 647)
3(98 647 86)
3(98 62 647)
3(98 94 647)
3(47 66 647)
3(47 647 38)
3(47 68 647)
3(47 40 647)
3(68 647 40)
3(47 28 647)
3(82 644 58)
3(82 88 644)
3(82 644 50)
3(58 50 644)
3(82 114 644)
3(82 644 70)
3(50 70 644)
3(82 644 106)
3(74 45 643)
3(74 643 54)
3(74 73 643)
3(110 138 643)
3(110 643 102)
3(102 643 138)
3(110 644 88)
3(110 643 644)
3(110 88 643)
3(110 644 134)
3(110 154 643)
3(154 138 643)
3(110 154 644)
3(154 644 134)
3(78 643 88)
3(78 58 643)
3(78 643 110)
3(78 643 102)
3(78 54 643)
3(58 643 54)
3(78 74 643)
3(74 643 102)
3(137 165 643)
3(137 643 177)
3(177 643 165)
3(137 121 643)
3(165 643 121)
3(137 101 643)
3(101 121 643)
3(137 109 643)
3(9 646 13)
3(9 1 646)
3(2 646 0)
3(2 4 646)
3(2 646 6)
3(6 646 0)
3(8 14 646)
3(8 646 20)
3(8 2 646)
3(2 14 646)
3(8 4 646)
3(8 16 646)
3(8 646 24)
3(20 24 646)
3(16 646 24)
3(34 24 646)
3(34 646 50)
3(34 643 30)
3(34 54 643)
3(34 16 646)
3(34 646 30)
3(30 646 643)
3(34 643 646)
3(34 58 643)
3(19 646 7)
3(19 13 646)
3(19 23 646)
3(19 645 23)
3(19 646 645)
3(23 645 646)
3(7 23 646)
3(19 41 645)
3(41 37 645)
3(19 645 37)
3(41 645 23)
3(15 646 33)
3(15 29 646)
3(15 646 23)
3(15 646 7)
3(15 11 646)
3(29 646 11)
3(15 3 646)
3(105 642 129)
3(105 141 642)
3(105 642 93)
3(105 642 69)
3(105 642 81)
3(61 93 645)
3(61 645 97)
3(61 69 645)
3(61 645 41)
3(61 37 645)
3(631 627 664)
3(619 664 627)
3(631 664 619)
3(631 639 664)
3(639 627 664)
3(631 635 664)
3(633 627 664)
3(633 664 639)
3(633 621 664)
3(621 627 664)
3(589 660 581)
3(589 557 660)
3(589 661 581)
3(589 660 661)
3(589 605 661)
3(589 664 605)
3(589 661 664)
3(489 663 451)
3(494 451 663)
3(489 494 663)
3(489 663 447)
3(489 663 477)
3(513 663 477)
3(489 663 513)
3(255 223 651)
3(255 651 263)
3(255 211 651)
3(255 239 651)
3(318 654 277)
3(318 273 654)
3(318 654 316)
3(318 320 654)
3(273 654 320)
3(318 365 654)
3(318 654 361)
3(231 281 651)
3(231 654 281)
3(231 651 654)
3(281 651 239)
3(231 239 651)
3(231 191 654)
3(231 654 195)
3(231 235 654)
3(235 191 654)
3(231 277 654)
3(285 651 314)
3(312 314 651)
3(285 312 651)
3(285 651 281)
3(285 651 239)
3(285 651 255)
3(362 404 656)
3(362 656 408)
3(362 366 656)
3(404 656 366)
3(362 656 319)
3(362 317 656)
3(248 653 268)
3(248 298 653)
3(248 204 653)
3(248 653 224)
3(248 216 653)
3(264 224 653)
3(264 653 256)
3(264 653 298)
3(264 311 653)
3(298 653 311)
3(264 248 653)
3(617 664 621)
3(621 664 663)
3(617 621 663)
3(617 663 664)
3(617 633 664)
3(633 625 664)
3(617 664 625)
3(613 663 619)
3(601 619 663)
3(613 601 663)
3(613 664 619)
3(613 663 664)
3(619 664 663)
3(613 664 627)
3(613 621 664)
3(613 663 621)
3(453 449 663)
3(453 654 449)
3(453 663 654)
3(449 654 663)
3(453 663 494)
3(453 451 663)
3(396 350 652)
3(396 653 350)
3(350 653 652)
3(396 652 653)
3(486 661 530)
3(486 662 661)
3(486 530 662)
3(486 661 502)
3(486 661 462)
3(502 462 661)
3(486 440 662)
3(486 662 466)
3(486 440 661)
3(440 662 661)
3(440 661 462)
3(482 662 436)
3(482 466 662)
3(482 662 458)
3(482 662 498)
3(376 653 384)
3(376 338 653)
3(376 653 416)
3(338 653 311)
3(376 311 653)
3(461 485 661)
3(461 661 439)
3(461 501 661)
3(461 661 431)
3(461 419 661)
3(379 395 652)
3(379 652 349)
3(379 419 652)
3(379 652 306)
3(306 652 349)
3(432 652 455)
3(432 455 661)
3(432 661 652)
3(432 413 652)
3(432 652 388)
3(509 477 660)
3(509 660 469)
3(509 477 663)
3(509 663 660)
3(509 513 663)
3(509 660 497)
3(509 663 545)
3(509 545 660)
3(545 663 660)
3(509 660 533)
3(533 545 660)
3(353 651 357)
3(353 399 651)
3(399 357 651)
3(353 651 314)
3(353 651 312)
3(371 308 651)
3(371 651 349)
3(371 341 651)
3(371 651 395)
3(371 651 423)
3(626 664 630)
3(626 612 664)
3(630 664 612)
3(626 634 664)
3(626 664 618)
3(618 664 634)
3(626 638 664)
3(638 634 664)
3(638 664 630)
3(608 664 612)
3(608 612 667)
3(667 612 664)
3(608 667 664)
3(608 664 626)
3(608 664 618)
3(622 664 665)
3(622 614 664)
3(622 665 614)
3(622 664 618)
3(622 618 665)
3(618 664 665)
3(622 664 634)
3(622 664 628)
3(628 664 634)
3(632 620 664)
3(632 664 628)
3(632 664 624)
3(632 636 664)
3(632 616 664)
3(556 542 665)
3(556 665 522)
3(556 574 665)
3(566 586 661)
3(566 661 593)
3(566 562 661)
3(566 538 661)
3(565 661 585)
3(565 593 661)
3(565 561 661)
3(565 661 537)
3(565 566 661)
3(323 656 276)
3(323 321 656)
3(323 325 656)
3(323 656 364)
3(364 656 325)
3(238 190 656)
3(238 656 194)
3(238 230 656)
3(190 656 230)
3(238 276 656)
3(412 656 404)
3(412 452 656)
3(412 656 366)
3(495 452 665)
3(495 665 454)
3(454 665 452)
3(495 490 665)
3(495 522 665)
3(174 644 154)
3(174 200 644)
3(174 158 644)
3(174 644 204)
3(174 134 644)
3(174 644 216)
3(200 644 216)
3(178 154 643)
3(178 643 200)
3(178 138 643)
3(147 152 647)
3(147 647 190)
3(147 120 647)
3(650 96 132)
3(650 132 647)
3(650 647 96)
3(649 124 104)
3(92 124 649)
3(92 649 104)
3(113 642 87)
3(113 81 642)
3(113 642 133)
3(113 642 157)
3(113 642 141)
3(113 642 105)
3(52 646 26)
3(44 26 646)
3(44 646 52)
3(44 40 647)
3(44 647 22)
3(36 646 26)
3(36 52 646)
3(36 649 32)
3(36 32 646)
3(32 649 646)
3(36 646 649)
3(27 19 645)
3(27 645 37)
3(27 19 646)
3(27 646 645)
3(27 13 646)
3(10 646 14)
3(10 22 646)
3(10 646 2)
3(10 646 6)
3(10 26 646)
3(22 646 26)
3(91 73 643)
3(91 643 74)
3(91 643 101)
3(91 121 643)
3(91 643 102)
3(153 133 642)
3(153 642 109)
3(153 173 642)
3(153 643 109)
3(153 642 643)
3(153 643 137)
3(153 643 177)
3(153 199 642)
3(153 199 643)
3(199 642 643)
3(177 199 643)
3(25 646 35)
3(25 51 646)
3(51 35 646)
3(623 664 635)
3(623 629 664)
3(623 664 631)
3(623 609 664)
3(609 629 664)
3(623 605 664)
3(597 663 601)
3(597 619 663)
3(597 663 577)
3(521 513 663)
3(521 663 541)
3(521 489 663)
3(521 663 555)
3(521 494 663)
3(358 653 315)
3(358 354 653)
3(358 653 656)
3(358 656 315)
3(358 653 400)
3(358 408 653)
3(400 653 408)
3(358 408 656)
3(656 408 653)
3(358 362 656)
3(358 656 317)
3(302 311 653)
3(302 653 264)
3(302 338 653)
3(302 313 653)
3(302 653 256)
3(302 653 286)
3(594 663 601)
3(594 573 663)
3(594 663 613)
3(666 657 429)
3(657 417 429)
3(666 429 417)
3(666 417 657)
3(657 429 445)
3(666 445 429)
3(666 657 445)
3(385 417 657)
3(385 657 377)
3(657 417 377)
3(385 429 657)
3(193 654 645)
3(197 193 645)
3(197 654 193)
3(197 645 654)
3(197 648 213)
3(197 213 657)
3(213 648 657)
3(197 657 648)
3(347 658 370)
3(370 658 389)
3(347 389 658)
3(370 336 658)
3(347 658 336)
3(348 370 658)
3(370 390 658)
3(348 658 390)
3(348 336 658)
3(322 654 367)
3(322 320 654)
3(322 654 363)
3(363 654 367)
3(363 324 654)
3(322 654 324)
3(380 350 652)
3(380 652 396)
3(380 307 652)
3(350 652 307)
3(380 346 652)
3(380 388 652)
3(506 662 530)
3(506 552 662)
3(506 662 486)
3(506 662 466)
3(506 662 482)
3(342 311 653)
3(342 653 376)
3(342 298 653)
3(342 309 653)
3(345 652 306)
3(345 379 652)
3(345 652 293)
3(345 652 305)
3(293 305 652)
3(345 652 369)
3(473 661 461)
3(473 501 661)
3(473 661 431)
3(473 661 455)
3(473 661 493)
3(493 661 455)
3(517 661 501)
3(517 537 661)
3(517 661 473)
3(517 661 493)
3(474 455 661)
3(474 661 432)
3(474 493 661)
3(474 661 462)
3(432 462 661)
3(474 661 502)
3(383 651 399)
3(383 427 651)
3(383 651 353)
3(383 415 651)
3(375 415 651)
3(383 375 651)
3(391 651 341)
3(391 375 651)
3(375 341 651)
3(391 651 371)
3(391 651 423)
3(391 651 435)
3(391 651 415)
3(310 651 297)
3(310 263 651)
3(310 651 341)
3(310 651 375)
3(640 664 634)
3(640 628 664)
3(640 664 638)
3(640 664 641)
3(638 641 664)
3(640 664 636)
3(640 664 632)
3(637 638 664)
3(637 664 630)
3(637 664 639)
3(637 633 664)
3(637 664 641)
3(637 664 625)
3(630 625 664)
3(592 664 618)
3(592 608 664)
3(280 276 656)
3(280 656 238)
3(280 656 323)
3(280 325 656)
3(406 656 410)
3(406 364 656)
3(410 656 364)
3(406 454 656)
3(406 656 412)
3(412 656 454)
3(406 450 656)
3(410 450 656)
3(368 656 364)
3(368 323 656)
3(368 656 406)
3(368 656 412)
3(368 656 366)
3(368 656 321)
3(492 665 454)
3(492 495 665)
3(492 665 450)
3(492 480 665)
3(492 665 516)
3(480 516 665)
3(480 665 450)
3(524 665 522)
3(524 556 665)
3(524 665 495)
3(524 665 492)
3(524 665 516)
3(208 220 643)
3(208 643 652)
3(208 652 220)
3(220 652 643)
3(208 178 643)
3(178 220 643)
3(207 652 251)
3(227 251 652)
3(207 227 652)
3(207 643 177)
3(207 219 643)
3(177 643 219)
3(207 643 165)
3(207 219 652)
3(207 652 643)
3(219 643 652)
3(271 652 251)
3(271 293 652)
3(271 652 227)
3(271 305 652)
3(271 294 652)
3(188 147 647)
3(188 647 190)
3(188 192 656)
3(188 647 192)
3(188 656 647)
3(656 192 647)
3(188 236 656)
3(188 230 656)
3(64 40 647)
3(64 647 44)
3(64 68 647)
3(64 647 100)
3(64 96 647)
3(56 649 36)
3(56 60 649)
3(36 649 60)
3(56 649 32)
3(189 193 654)
3(189 645 193)
3(189 654 645)
3(117 149 645)
3(146 645 149)
3(117 645 146)
3(117 645 125)
3(117 97 645)
3(18 26 646)
3(18 646 10)
3(18 36 646)
3(18 32 646)
3(18 12 646)
3(12 32 646)
3(18 646 6)
3(12 646 6)
3(122 643 91)
3(122 121 643)
3(122 102 643)
3(122 643 138)
3(21 646 25)
3(21 645 646)
3(21 25 645)
3(25 646 645)
3(21 646 9)
3(25 9 646)
3(21 27 646)
3(21 645 27)
3(21 646 13)
3(21 43 645)
3(25 645 43)
3(5 646 6)
3(5 12 646)
3(5 0 646)
3(5 646 1)
3(5 646 9)
3(17 25 646)
3(17 646 35)
3(17 9 646)
3(17 5 646)
3(17 12 646)
3(569 660 557)
3(569 533 660)
3(569 660 589)
3(569 597 663)
3(569 663 577)
3(569 545 660)
3(569 663 589)
3(569 660 663)
3(589 663 660)
3(597 663 589)
3(569 545 663)
3(615 663 619)
3(615 619 664)
3(615 664 663)
3(615 663 597)
3(615 605 664)
3(615 664 623)
3(615 589 664)
3(615 631 664)
3(491 663 453)
3(491 449 663)
3(491 663 494)
3(599 621 663)
3(599 663 617)
3(607 664 617)
3(591 617 664)
3(607 591 664)
3(607 664 625)
3(414 658 390)
3(434 390 658)
3(414 434 658)
3(414 658 370)
3(414 658 389)
3(554 564 667)
3(554 667 584)
3(564 584 667)
3(532 667 554)
3(532 564 667)
3(668 460 484)
3(668 484 500)
3(668 500 460)
3(668 438 659)
3(426 659 438)
3(668 426 438)
3(668 659 426)
3(668 554 532)
3(668 667 554)
3(668 532 667)
3(668 554 508)
3(668 508 532)
3(668 460 438)
3(668 438 484)
3(668 554 584)
3(668 584 560)
3(668 560 554)
3(668 667 584)
3(668 592 560)
3(668 584 592)
3(401 429 657)
3(401 657 385)
3(401 445 657)
3(339 385 657)
3(339 657 377)
3(183 648 143)
3(183 159 648)
3(159 143 648)
3(163 197 645)
3(163 648 197)
3(163 645 648)
3(197 648 645)
3(163 193 645)
3(171 648 213)
3(171 197 648)
3(171 183 648)
3(171 648 143)
3(183 648 213)
3(171 163 648)
3(217 648 175)
3(201 175 648)
3(217 201 648)
3(167 649 209)
3(179 649 167)
3(179 209 649)
3(90 649 60)
3(90 650 649)
3(90 60 650)
3(650 60 649)
3(359 409 654)
3(359 657 409)
3(359 654 657)
3(657 654 409)
3(359 363 654)
3(363 409 654)
3(359 324 654)
3(359 657 401)
3(401 657 409)
3(405 409 654)
3(405 654 363)
3(405 654 453)
3(405 411 654)
3(453 654 411)
3(405 449 654)
3(405 367 654)
3(275 654 320)
3(275 273 654)
3(275 654 322)
3(420 652 388)
3(420 432 652)
3(420 652 380)
3(420 652 396)
3(420 652 440)
3(396 440 652)
3(420 432 661)
3(420 661 652)
3(420 462 661)
3(526 662 506)
3(526 552 662)
3(526 662 482)
3(526 558 662)
3(526 662 498)
3(526 534 662)
3(392 653 376)
3(392 342 653)
3(392 436 653)
3(392 653 424)
3(392 416 653)
3(387 369 652)
3(387 652 413)
3(387 345 652)
3(387 652 431)
3(387 379 652)
3(387 652 419)
3(518 661 493)
3(518 517 661)
3(518 502 661)
3(518 661 538)
3(518 474 661)
3(337 375 651)
3(337 651 383)
3(337 310 651)
3(337 353 651)
3(337 651 312)
3(301 263 651)
3(301 651 310)
3(301 255 651)
3(301 337 651)
3(301 651 312)
3(301 651 285)
3(595 665 602)
3(595 614 665)
3(595 665 574)
3(572 536 668)
3(572 668 560)
3(668 536 560)
3(572 548 668)
3(548 536 668)
3(572 592 668)
3(572 668 665)
3(572 665 592)
3(668 592 665)
3(572 665 548)
3(572 580 665)
3(548 665 580)
3(548 668 665)
3(422 658 434)
3(422 390 658)
3(422 667 434)
3(434 667 658)
3(422 658 667)
3(464 667 434)
3(464 422 667)
3(430 402 659)
3(386 659 402)
3(430 659 386)
3(446 656 410)
3(446 450 656)
3(446 659 430)
3(446 402 659)
3(430 668 659)
3(446 668 430)
3(446 659 668)
3(185 652 208)
3(185 643 652)
3(185 208 643)
3(185 652 227)
3(208 227 652)
3(185 207 652)
3(185 643 207)
3(185 643 165)
3(252 220 652)
3(252 652 260)
3(252 208 652)
3(252 652 294)
3(252 227 652)
3(252 652 271)
3(118 647 86)
3(118 98 647)
3(118 647 120)
3(118 647 147)
3(150 192 647)
3(150 647 162)
3(162 647 192)
3(150 188 647)
3(150 147 647)
3(150 118 647)
3(55 35 649)
3(59 55 649)
3(59 649 35)
3(31 35 649)
3(31 649 55)
3(31 35 646)
3(31 646 649)
3(649 646 35)
3(31 17 646)
3(31 12 646)
3(46 27 645)
3(46 645 37)
3(71 645 51)
3(71 51 648)
3(71 648 645)
3(51 645 648)
3(71 645 43)
3(51 43 645)
3(63 645 43)
3(71 645 63)
3(187 654 191)
3(187 191 645)
3(187 645 654)
3(187 654 235)
3(187 149 645)
3(187 146 645)
3(189 146 645)
3(187 189 645)
3(523 663 491)
3(523 515 663)
3(491 663 515)
3(523 663 494)
3(523 521 663)
3(523 663 555)
3(603 621 663)
3(603 663 599)
3(603 613 663)
3(603 594 663)
3(579 663 599)
3(579 603 663)
3(611 607 664)
3(611 664 625)
3(611 607 667)
3(611 667 664)
3(607 664 667)
3(611 664 630)
3(528 668 508)
3(528 484 668)
3(668 484 508)
3(528 668 554)
3(528 668 560)
3(528 500 668)
3(528 668 536)
3(668 536 500)
3(459 417 666)
3(459 666 429)
3(393 657 417)
3(393 377 657)
3(425 373 657)
3(393 425 657)
3(393 657 373)
3(283 657 654)
3(233 657 283)
3(233 283 654)
3(233 654 657)
3(233 654 193)
3(233 197 654)
3(326 654 283)
3(326 657 654)
3(326 283 657)
3(326 654 324)
3(283 324 654)
3(326 359 654)
3(326 657 359)
3(131 171 648)
3(131 648 143)
3(131 163 648)
3(131 645 648)
3(131 163 645)
3(205 648 217)
3(205 657 648)
3(205 217 657)
3(217 648 657)
3(205 159 648)
3(205 648 183)
3(205 175 648)
3(159 648 175)
3(397 657 351)
3(397 351 658)
3(351 657 658)
3(397 658 657)
3(397 373 657)
3(397 657 425)
3(351 373 657)
3(172 650 144)
3(144 650 132)
3(172 132 650)
3(172 650 184)
3(144 184 650)
3(80 649 60)
3(80 90 649)
3(80 649 56)
3(112 80 649)
3(112 649 104)
3(80 104 649)
3(112 90 649)
3(112 90 650)
3(112 650 649)
3(112 136 650)
3(90 650 136)
3(112 650 156)
3(156 650 649)
3(112 156 649)
3(156 136 650)
3(356 386 659)
3(356 659 402)
3(418 430 659)
3(418 659 386)
3(418 668 438)
3(418 659 668)
3(418 438 659)
3(418 668 460)
3(418 430 668)
3(430 668 460)
3(382 348 658)
3(382 658 390)
3(382 335 658)
3(335 348 658)
3(382 658 422)
3(422 398 658)
3(382 658 398)
3(202 649 156)
3(202 156 650)
3(202 650 649)
3(372 342 653)
3(372 653 392)
3(372 653 309)
3(372 350 653)
3(372 396 653)
3(372 424 653)
3(396 653 424)
3(549 538 661)
3(549 661 566)
3(549 518 661)
3(549 661 565)
3(549 517 661)
3(549 661 537)
3(604 665 614)
3(604 622 665)
3(604 665 595)
3(576 574 665)
3(576 665 556)
3(576 595 665)
3(576 665 604)
3(604 665 580)
3(576 580 665)
3(512 668 536)
3(512 500 668)
3(512 668 548)
3(512 548 665)
3(512 665 516)
3(548 516 665)
3(512 668 665)
3(512 665 480)
3(512 668 480)
3(668 665 480)
3(442 658 422)
3(442 398 658)
3(488 668 532)
3(488 667 668)
3(488 532 667)
3(488 668 508)
3(488 667 442)
3(488 442 668)
3(442 667 668)
3(488 667 464)
3(442 464 667)
3(300 659 331)
3(344 331 659)
3(300 344 659)
3(266 659 331)
3(300 659 266)
3(394 659 438)
3(394 426 659)
3(394 659 418)
3(472 668 430)
3(472 446 668)
3(472 460 668)
3(472 668 500)
3(472 668 512)
3(472 480 668)
3(446 668 480)
3(145 643 165)
3(145 185 643)
3(145 643 121)
3(145 643 122)
3(126 647 118)
3(126 98 647)
3(126 647 150)
3(126 647 162)
3(126 647 130)
3(126 647 94)
3(180 649 156)
3(180 202 649)
3(186 167 649)
3(186 649 209)
3(148 167 649)
3(186 148 649)
3(186 658 209)
3(186 649 658)
3(209 658 649)
3(186 658 228)
3(228 658 209)
3(48 649 32)
3(48 56 649)
3(48 31 649)
3(48 649 55)
3(31 649 32)
3(39 43 645)
3(39 645 21)
3(39 63 645)
3(39 645 27)
3(39 645 46)
3(83 648 51)
3(83 59 648)
3(59 51 648)
3(83 648 71)
3(119 645 146)
3(119 117 645)
3(67 645 63)
3(99 63 645)
3(67 99 645)
3(67 645 39)
3(67 645 46)
3(571 663 599)
3(571 579 663)
3(571 591 663)
3(571 666 591)
3(571 663 666)
3(666 663 591)
3(599 591 663)
3(543 523 663)
3(543 663 555)
3(543 515 663)
3(437 417 666)
3(437 666 459)
3(437 417 657)
3(437 657 666)
3(437 393 657)
3(437 657 425)
3(437 425 666)
3(425 657 666)
3(587 607 667)
3(587 667 611)
3(587 583 667)
3(583 607 667)
3(587 563 667)
3(583 667 563)
3(433 414 658)
3(433 658 389)
3(241 213 657)
3(241 657 197)
3(241 257 657)
3(213 657 257)
3(241 657 283)
3(241 233 657)
3(279 283 654)
3(279 654 233)
3(279 324 654)
3(279 322 654)
3(279 275 654)
3(287 283 657)
3(287 657 326)
3(287 657 241)
3(287 257 657)
3(355 385 657)
3(355 657 339)
3(355 657 359)
3(355 326 657)
3(355 401 657)
3(95 645 63)
3(95 71 645)
3(95 645 99)
3(95 648 645)
3(95 71 648)
3(95 131 645)
3(95 648 131)
3(225 213 657)
3(225 657 257)
3(225 648 205)
3(225 657 648)
3(225 205 657)
3(225 648 183)
3(225 213 648)
3(343 657 393)
3(343 377 657)
3(343 657 373)
3(249 657 205)
3(249 217 657)
3(249 657 225)
3(295 347 658)
3(295 658 336)
3(334 347 658)
3(295 334 658)
3(381 351 658)
3(381 658 397)
3(381 334 658)
3(334 351 658)
3(381 658 347)
3(381 389 658)
3(116 90 650)
3(116 650 136)
3(108 132 650)
3(108 650 96)
3(108 144 650)
3(108 116 650)
3(116 144 650)
3(164 647 152)
3(164 194 647)
3(164 647 128)
3(164 647 132)
3(164 650 132)
3(164 647 650)
3(164 650 172)
3(340 386 659)
3(340 659 356)
3(360 364 656)
3(360 656 325)
3(360 656 410)
3(360 410 659)
3(360 659 656)
3(410 656 659)
3(360 402 659)
3(410 659 402)
3(360 356 659)
3(262 222 658)
3(254 658 222)
3(262 658 254)
3(262 658 292)
3(262 335 658)
3(292 658 335)
3(254 228 658)
3(272 658 228)
3(272 254 658)
3(272 295 658)
3(272 658 336)
3(374 394 659)
3(394 344 659)
3(374 659 344)
3(374 659 426)
3(374 398 659)
3(398 426 659)
3(352 398 658)
3(352 659 398)
3(352 658 659)
3(398 659 658)
3(352 382 658)
3(352 335 658)
3(352 659 374)
3(246 658 222)
3(202 222 658)
3(246 202 658)
3(246 292 659)
3(246 659 270)
3(292 270 659)
3(246 658 262)
3(246 292 658)
3(292 659 658)
3(246 658 659)
3(218 659 270)
3(246 659 218)
3(600 572 665)
3(600 665 592)
3(600 580 665)
3(600 604 665)
3(600 665 622)
3(600 618 665)
3(544 516 665)
3(544 665 548)
3(544 524 665)
3(544 665 580)
3(544 665 576)
3(544 556 665)
3(234 656 238)
3(234 280 656)
3(234 656 194)
3(304 331 659)
3(340 659 331)
3(304 659 340)
3(304 266 659)
3(266 659 258)
3(304 258 659)
3(214 172 650)
3(214 650 184)
3(214 659 242)
3(214 258 659)
3(242 659 258)
3(468 508 668)
3(468 668 484)
3(468 488 668)
3(468 442 668)
3(468 668 438)
3(468 668 426)
3(442 668 426)
3(166 122 643)
3(166 643 138)
3(166 145 643)
3(166 643 178)
3(166 643 208)
3(166 643 185)
3(140 649 156)
3(140 180 649)
3(140 649 112)
3(140 104 649)
3(140 649 124)
3(210 222 649)
3(210 649 180)
3(180 649 222)
3(210 222 658)
3(210 658 649)
3(222 649 658)
3(210 254 658)
3(210 658 186)
3(210 186 649)
3(210 228 658)
3(89 649 648)
3(89 648 59)
3(89 59 649)
3(59 648 649)
3(111 649 648)
3(89 649 111)
3(89 111 648)
3(89 648 83)
3(155 648 201)
3(155 175 648)
3(155 649 648)
3(155 648 111)
3(155 111 649)
3(155 649 201)
3(201 649 648)
3(155 649 179)
3(179 649 201)
3(123 649 148)
3(123 167 649)
3(123 124 649)
3(123 649 92)
3(148 124 649)
3(75 48 649)
3(75 649 55)
3(76 649 48)
3(76 56 649)
3(76 92 649)
3(76 649 104)
3(76 75 649)
3(75 92 649)
3(76 649 80)
3(115 143 648)
3(115 648 159)
3(115 648 83)
3(115 89 648)
3(127 99 645)
3(127 645 119)
3(119 645 99)
3(127 645 131)
3(127 163 645)
3(127 95 645)
3(65 645 46)
3(65 67 645)
3(65 61 645)
3(65 645 97)
3(65 37 645)
3(559 666 591)
3(559 571 666)
3(559 666 583)
3(583 666 591)
3(575 663 555)
3(575 543 663)
3(575 663 573)
3(575 663 594)
3(575 579 663)
3(543 663 579)
3(575 663 603)
3(483 666 459)
3(483 437 666)
3(535 559 666)
3(559 527 666)
3(535 666 527)
3(535 571 666)
3(479 511 663)
3(511 666 663)
3(479 666 511)
3(479 663 666)
3(479 515 663)
3(511 663 515)
3(479 491 663)
3(479 449 663)
3(567 563 667)
3(567 667 587)
3(456 433 658)
3(456 658 667)
3(433 667 658)
3(456 667 433)
3(456 414 658)
3(456 658 434)
3(456 434 667)
3(487 666 667)
3(531 667 666)
3(487 531 666)
3(487 667 531)
3(487 441 667)
3(487 666 441)
3(441 666 667)
3(487 463 667)
3(441 667 463)
3(553 531 667)
3(553 667 666)
3(553 666 531)
3(553 563 667)
3(531 667 563)
3(553 667 583)
3(553 583 666)
3(583 667 666)
3(553 559 666)
3(553 527 666)
3(237 654 279)
3(237 275 654)
3(237 654 233)
3(237 193 654)
3(237 654 189)
3(328 355 657)
3(328 657 339)
3(328 657 326)
3(328 287 657)
3(107 648 95)
3(107 71 648)
3(107 143 648)
3(107 648 115)
3(107 131 648)
3(107 83 648)
3(330 657 377)
3(330 339 657)
3(330 657 343)
3(343 299 657)
3(330 657 299)
3(332 373 657)
3(332 657 351)
3(332 343 657)
3(332 299 657)
3(332 657 291)
3(291 657 351)
3(245 291 657)
3(245 658 291)
3(291 658 657)
3(245 657 658)
3(269 657 299)
3(269 249 657)
3(249 299 657)
3(269 657 332)
3(269 657 291)
3(269 657 245)
3(269 217 657)
3(245 217 657)
3(265 657 249)
3(265 299 657)
3(265 657 225)
3(265 657 257)
3(265 330 657)
3(253 228 658)
3(253 658 209)
3(253 272 658)
3(253 295 658)
3(421 658 389)
3(421 433 658)
3(421 658 381)
3(421 658 397)
3(421 658 441)
3(441 658 397)
3(421 433 667)
3(421 667 658)
3(433 667 463)
3(421 463 667)
3(84 90 650)
3(84 650 116)
3(84 650 60)
3(84 52 650)
3(650 52 60)
3(84 650 108)
3(198 650 172)
3(198 164 650)
3(198 650 214)
3(198 659 214)
3(214 659 650)
3(198 650 659)
3(198 659 242)
3(198 234 656)
3(198 656 194)
3(378 659 386)
3(378 418 659)
3(378 659 340)
3(378 394 659)
3(378 344 659)
3(378 331 659)
3(296 254 658)
3(296 658 272)
3(296 658 262)
3(296 335 658)
3(296 348 658)
3(296 336 658)
3(333 374 659)
3(333 659 344)
3(333 352 659)
3(333 659 300)
3(333 292 659)
3(352 659 292)
3(333 270 659)
3(300 270 659)
3(250 659 270)
3(250 218 659)
3(250 659 300)
3(250 659 266)
3(176 650 156)
3(176 136 650)
3(176 650 202)
3(176 650 218)
3(218 650 202)
3(329 340 659)
3(329 659 356)
3(329 304 659)
3(168 180 649)
3(168 649 140)
3(168 210 649)
3(168 124 649)
3(168 649 148)
3(168 649 186)
3(79 649 59)
3(79 55 649)
3(79 649 89)
3(79 75 649)
3(79 649 111)
3(135 648 175)
3(135 159 648)
3(135 648 155)
3(135 115 648)
3(135 648 111)
3(135 648 89)
3(139 179 649)
3(139 649 167)
3(139 155 649)
3(139 111 649)
3(139 649 123)
3(151 645 119)
3(151 127 645)
3(151 146 645)
3(151 645 189)
3(151 645 193)
3(151 645 163)
3(85 645 119)
3(85 117 645)
3(85 67 645)
3(85 645 65)
3(85 645 99)
3(85 97 645)
3(499 483 666)
3(499 666 459)
3(499 527 666)
3(483 666 527)
3(499 535 666)
3(535 666 511)
3(499 511 666)
3(547 666 571)
3(547 663 666)
3(547 571 663)
3(547 666 535)
3(547 511 666)
3(547 663 511)
3(547 579 663)
3(547 543 663)
3(547 515 663)
3(540 667 532)
3(540 564 667)
3(540 520 667)
3(520 550 667)
3(540 667 550)
3(504 488 667)
3(504 667 464)
3(504 532 667)
3(504 540 667)
3(504 520 667)
3(519 550 667)
3(519 667 520)
3(588 667 608)
3(588 612 667)
3(588 584 667)
3(588 667 564)
3(608 584 667)
3(467 666 441)
3(467 487 666)
3(467 437 666)
3(467 666 483)
3(467 425 666)
3(441 425 666)
3(507 531 666)
3(507 666 487)
3(507 666 553)
3(507 527 666)
3(507 483 666)
3(507 467 666)
3(229 237 654)
3(229 654 189)
3(229 275 654)
3(229 273 654)
3(229 235 654)
3(229 187 654)
3(221 649 209)
3(221 209 658)
3(221 658 649)
3(221 649 179)
3(221 253 658)
3(221 658 245)
3(221 201 658)
3(245 658 201)
3(303 657 257)
3(303 265 657)
3(303 657 287)
3(303 657 328)
3(303 330 657)
3(303 657 339)
3(72 650 84)
3(72 52 650)
3(72 650 108)
3(72 64 647)
3(72 647 44)
3(72 650 96)
3(72 647 96)
3(72 650 647)
3(206 650 218)
3(206 176 650)
3(206 659 218)
3(206 650 659)
3(218 659 650)
3(206 659 250)
3(327 356 659)
3(327 659 360)
3(327 329 659)
3(327 656 360)
3(327 659 656)
3(327 656 325)
3(103 75 649)
3(103 649 79)
3(103 649 92)
3(103 123 649)
3(103 649 111)
3(103 649 139)
3(471 459 666)
3(471 666 429)
3(471 499 666)
3(471 666 445)
3(471 511 666)
3(471 666 479)
3(479 666 445)
3(476 434 667)
3(476 667 456)
3(476 667 504)
3(476 520 667)
3(476 464 667)
3(503 487 667)
3(503 667 531)
3(503 463 667)
3(539 667 550)
3(539 567 667)
3(567 550 667)
3(539 667 519)
3(539 563 667)
3(539 531 667)
3(539 503 667)
3(503 667 519)
3(568 550 667)
3(568 667 567)
3(568 540 667)
3(568 564 667)
3(568 588 667)
3(261 245 658)
3(261 658 291)
3(261 221 658)
3(261 253 658)
3(261 658 334)
3(291 334 658)
3(261 658 295)
3(226 206 650)
3(226 650 659)
3(226 659 206)
3(226 184 650)
3(206 650 184)
3(226 650 214)
3(226 214 659)
3(226 258 659)
3(226 266 659)
3(226 250 659)
3(160 184 650)
3(160 650 144)
3(160 206 650)
3(160 176 650)
3(160 650 116)
3(160 650 136)
3(288 329 659)
3(288 659 327)
3(288 659 258)
3(288 242 659)
3(288 659 304)
3(496 667 520)
3(496 519 667)
3(496 667 476)
3(496 667 456)
3(596 667 588)
3(596 612 667)
3(596 667 568)
3(596 611 667)
3(611 612 667)
3(596 667 567)
3(596 587 667)
3(284 659 242)
3(284 234 659)
3(234 242 659)
3(284 659 288)
3(284 659 327)
3(284 234 656)
3(284 656 659)
3(234 659 656)
3(284 280 656)
3(284 325 656)
3(284 327 656)
3(475 456 667)
3(475 667 433)
3(475 496 667)
3(475 667 463)
3(475 667 503)
3(475 667 519)
3(646 651 652)
3(646 655 651)
3(651 655 652)
3(646 652 655)
3(646 651 642)
3(646 642 652)
3(651 652 642)
3(646 651 645)
3(651 642 645)
3(646 645 642)
3(643 642 652)
3(646 642 643)
3(646 643 652)
3(646 654 651)
3(654 655 651)
3(646 655 654)
3(654 651 645)
3(646 654 645)
3(443 663 651)
3(654 651 663)
3(651 660 663)
3(661 651 660)
3(661 660 663)
3(661 663 651)
3(661 652 651)
3(661 655 652)
3(661 651 655)
3(664 663 655)
3(661 663 664)
3(661 664 655)
3(661 655 663)
3(661 651 439)
3(661 652 439)
3(656 653 652)
3(656 644 653)
3(653 644 652)
3(656 652 644)
3(656 664 662)
3(664 665 662)
3(656 665 664)
3(656 662 665)
3(656 662 652)
3(656 653 662)
3(653 652 662)
3(656 661 662)
3(656 664 661)
3(661 664 662)
3(661 662 652)
3(656 661 652)
3(195 651 645)
3(195 654 651)
3(590 664 665)
3(590 662 664)
3(199 652 643)
3(199 642 652)
3(440 652 661)
3(440 662 652)
3(200 643 652)
3(200 652 644)
3(643 644 652)
3(648 645 646)
3(657 645 648)
3(657 648 646)
3(657 646 645)
3(649 658 646)
3(650 658 649)
3(650 649 646)
3(650 646 658)
3(51 645 646)
3(51 646 648)
3(666 655 663)
3(654 663 655)
3(666 663 654)
3(666 654 655)
3(666 664 655)
3(666 658 664)
3(666 655 658)
3(658 655 664)
3(666 664 663)
3(667 658 664)
3(666 658 667)
3(666 667 664)
3(591 664 663)
3(666 664 591)
3(657 445 654)
3(666 654 445)
3(666 657 654)
3(649 648 658)
3(201 649 658)
3(201 658 648)
3(668 667 658)
3(668 664 667)
3(668 658 664)
3(668 664 665)
3(592 665 664)
3(668 592 664)
3(656 653 444)
3(656 444 662)
3(656 446 659)
3(668 446 656)
3(668 656 659)
3(661 589 663)
3(663 664 589)
3(658 667 441)
3(666 658 441)
3(658 442 667)
3(668 442 658)
3(656 659 198)
3(650 656 198)
3(650 659 656)
3(656 665 668)
3(656 668 664)
3(661 655 656)
3(655 652 656)
3(655 656 664)
3(657 645 197)
3(657 645 654)
3(657 654 197)
3(646 645 49)
3(646 49 642)
3(648 658 646)
3(648 646 649)
3(648 658 657)
3(646 657 658)
3(656 196 653)
3(656 644 196)
3(646 654 657)
3(646 647 650)
3(656 650 647)
3(656 647 646)
3(656 646 650)
3(658 649 202)
3(650 658 202)
3(646 652 656)
3(646 656 655)
3(290 350 652)
3(408 444 653)
3(196 232 653)
3(357 399 654)
3(590 665 616)
3(20 42 646)
3(647 42 646)
3(289 652 349)
3(29 646 30)
3(195 651 231)
3(451 453 654)
3(420 440 661)
3(609 610 664)
3(188 190 656)
3(199 643 219)
3(23 49 645)
3(611 664 612)
3(22 646 44)
3(647 646 44)
3(419 661 439)
3(410 659 446)
3(452 656 454)
3(200 220 643)
3(25 645 51)
3(31 32 646)
3(589 615 663)
3(591 663 617)
3(409 445 657)
3(201 221 649)
3(422 667 442)
3(291 351 658)
3(292 658 352)
3(202 649 222)
3(197 233 657)
3(421 441 667)
3(592 618 665)
3(198 659 234)
3(187 654 189)
3(651 663 655)
3(49 33 642)
3(33 57 642)
3(33 642 646)
3(643 642 33)
3(51 648 35)
3(35 648 59)
3(35 646 648)
3(649 35 648)
3(52 650 44)
3(44 650 72)
3(44 646 650)
3(52 650 646)
3(647 44 650)
3(52 36 650)
3(36 60 650)
3(36 650 646)
3(649 650 36)
3(196 644 192)
3(192 644 162)
3(192 656 644)
3(647 192 644)
3(647 656 644)
3(198 194 650)
3(194 164 650)
3(194 650 656)
3(647 650 194)
3(199 243 642)
3(243 215 642)
3(243 642 652)
3(651 642 243)
3(200 644 244)
3(244 644 216)
3(244 652 644)
3(653 244 644)
3(201 648 245)
3(245 648 217)
3(245 658 648)
3(657 245 648)
3(202 246 650)
3(246 218 650)
3(246 650 658)
3(659 650 246)
3(659 650 658)
3(440 396 662)
3(396 424 662)
3(396 662 652)
3(653 662 396)
3(441 397 666)
3(397 425 666)
3(397 666 658)
3(657 666 397)
3(657 666 658)
3(442 668 398)
3(398 668 426)
3(398 658 668)
3(659 398 668)
3(659 658 668)
3(444 448 662)
3(448 478 662)
3(448 662 656)
3(665 662 448)
3(445 449 666)
3(449 479 666)
3(449 666 654)
3(663 666 449)
3(446 668 450)
3(450 668 480)
3(450 656 668)
3(665 450 668)
3(590 606 662)
3(606 582 662)
3(606 662 664)
3(661 662 606)
3(591 607 666)
3(607 583 666)
3(607 666 664)
3(667 666 607)
3(592 668 608)
3(608 668 584)
3(608 664 668)
3(667 608 668)
3(647 646 644)
3(644 646 656)
3(655 654 658)
3(654 646 658)
3(655 658 646)
3(654 658 666)
3(657 658 654)
3(659 656 658)
3(656 650 658)
3(656 658 668)
3(50 644 34)
3(34 644 58)
3(34 646 644)
3(50 644 646)
3(643 34 644)
3(643 646 644)
3(50 42 644)
3(42 70 644)
3(42 644 646)
3(647 644 42)
3(644 652 646)
3(646 658 656)
3(655 658 656)
3(656 664 658)
3(289 267 308)
3(289 308 349)
3(141 129 169)
3(141 169 181)
3(211 181 169)
3(195 211 169)
3(407 357 361)
3(407 361 403)
3(578 542 546)
3(534 546 510)
3(354 384 400)
3(354 338 384)
3(268 244 290)
3(268 216 244)
3(73 77 101)
3(109 101 77)
3(42 70 62)
3(50 42 24)
3(243 267 289)
3(243 215 267)
3(199 173 215)
3(199 243 219)
3(561 551 581)
3(561 581 585)
3(529 505 551)
3(529 485 505)
3(529 561 537)
3(529 551 561)
3(577 545 541)
3(525 551 505)
3(203 215 173)
3(223 181 211)
3(223 203 181)
3(161 149 191)
3(161 191 195)
3(161 169 129)
3(161 195 169)
3(239 211 195)
3(317 319 278)
3(317 282 315)
3(317 278 282)
3(366 321 319)
3(212 240 196)
3(212 256 240)
3(224 256 212)
3(224 182 204)
3(224 212 182)
3(313 354 315)
3(313 338 354)
3(232 282 278)
3(232 192 196)
3(232 240 282)
3(411 451 403)
3(309 268 290)
3(346 294 305)
3(346 307 294)
3(447 443 407)
3(447 407 403)
3(447 403 451)
3(447 477 443)
3(423 439 395)
3(481 525 505)
3(481 497 525)
3(297 308 267)
3(636 635 641)
3(636 629 635)
3(602 578 598)
3(602 598 620)
3(610 606 586)
3(616 620 598)
3(616 590 606)
3(570 590 598)
3(570 598 578)
3(570 578 546)
3(570 546 534)
3(558 590 570)
3(558 570 534)
3(582 586 606)
3(582 558 552)
3(582 590 558)
3(514 546 542)
3(514 510 546)
3(522 514 542)
3(522 490 514)
3(498 470 458)
3(498 534 510)
3(498 510 470)
3(428 458 470)
3(428 400 384)
3(428 470 444)
3(428 444 400)
3(260 290 244)
3(260 307 290)
3(260 294 307)
3(274 319 321)
3(274 278 319)
3(448 490 452)
3(448 408 444)
3(87 109 77)
3(87 77 57)
3(87 133 109)
3(96 100 128)
3(28 14 20)
3(38 42 62)
3(38 20 42)
3(38 28 20)
3(38 62 66)
3(158 204 182)
3(94 62 70)
3(94 106 130)
3(94 70 106)
3(68 66 86)
3(68 86 100)
3(134 114 88)
3(134 158 114)
3(259 293 251)
3(259 306 293)
3(259 289 306)
3(259 251 219)
3(259 219 243)
3(259 243 289)
3(1 3 0)
3(4 11 16)
3(4 0 3)
3(4 3 11)
3(30 16 11)
3(30 45 54)
3(30 29 45)
3(53 73 45)
3(53 45 29)
3(53 77 73)
3(53 57 77)
3(41 69 49)
3(7 1 13)
3(7 3 1)
3(33 53 29)
3(33 23 49)
3(33 57 53)
3(605 585 581)
3(639 641 635)
3(557 581 551)
3(557 551 525)
3(513 541 545)
3(533 525 497)
3(533 557 525)
3(247 215 203)
3(247 267 215)
3(247 223 263)
3(247 203 223)
3(247 297 267)
3(247 263 297)
3(157 203 173)
3(157 173 133)
3(157 141 181)
3(157 181 203)
3(316 361 357)
3(316 357 314)
3(235 273 277)
3(125 149 161)
3(125 161 129)
3(125 93 97)
3(125 129 93)
3(281 277 316)
3(281 316 314)
3(404 408 448)
3(404 448 452)
3(142 158 182)
3(142 114 158)
3(142 106 114)
3(142 130 106)
3(298 268 309)
3(286 240 256)
3(286 282 240)
3(286 315 282)
3(286 313 315)
3(236 232 278)
3(236 278 274)
3(236 274 230)
3(236 192 232)
3(365 320 367)
3(365 367 411)
3(365 403 361)
3(365 411 403)
3(573 601 577)
3(573 541 555)
3(573 577 541)
3(449 409 445)
3(350 309 290)
3(530 502 538)
3(466 424 440)
3(466 436 424)
3(416 428 384)
3(416 436 458)
3(416 458 428)
3(369 346 305)
3(369 413 388)
3(369 388 346)
3(419 395 439)
3(455 413 431)
3(501 485 529)
3(501 529 537)
3(469 427 443)
3(469 443 477)
3(399 443 427)
3(399 407 443)
3(341 308 297)
3(457 497 481)
3(457 415 427)
3(457 469 497)
3(457 427 469)
3(457 435 415)
3(457 481 435)
3(465 505 485)
3(465 481 505)
3(465 485 439)
3(465 435 481)
3(465 439 423)
3(465 423 435)
3(614 602 620)
3(628 614 620)
3(574 542 578)
3(574 578 602)
3(593 610 586)
3(609 593 585)
3(609 610 593)
3(609 585 605)
3(624 610 629)
3(624 629 636)
3(624 606 610)
3(624 616 606)
3(562 586 582)
3(562 582 552)
3(562 552 530)
3(562 530 538)
3(276 274 321)
3(276 230 274)
3(132 96 128)
3(220 244 200)
3(220 260 244)
3(120 100 86)
3(120 128 100)
3(152 190 194)
3(152 128 120)
3(478 514 490)
3(478 490 448)
3(478 510 514)
3(478 470 510)
3(478 444 470)
3(81 49 69)
3(81 57 49)
3(81 87 57)
3(22 28 40)
3(22 14 28)
3(170 196 162)
3(170 162 130)
3(170 130 142)
3(170 212 196)
3(170 182 212)
3(170 142 182)
3(98 86 66)
3(98 66 62)
3(98 62 94)
3(47 38 66)
3(47 66 68)
3(47 68 40)
3(47 40 28)
3(47 28 38)
3(82 58 88)
3(82 50 58)
3(82 88 114)
3(82 70 50)
3(82 106 70)
3(82 114 106)
3(74 54 45)
3(74 45 73)
3(110 102 138)
3(110 134 88)
3(110 138 154)
3(110 154 134)
3(78 88 58)
3(78 110 88)
3(78 102 110)
3(78 58 54)
3(78 54 74)
3(78 74 102)
3(137 177 165)
3(137 165 121)
3(137 121 101)
3(137 101 109)
3(9 13 1)
3(2 0 4)
3(2 6 0)
3(8 20 14)
3(8 14 2)
3(8 2 4)
3(8 4 16)
3(8 24 20)
3(8 16 24)
3(34 50 24)
3(34 30 54)
3(34 24 16)
3(34 16 30)
3(34 54 58)
3(19 7 13)
3(19 23 7)
3(19 37 41)
3(19 41 23)
3(15 33 29)
3(15 23 33)
3(15 7 23)
3(15 29 11)
3(15 11 3)
3(15 3 7)
3(105 129 141)
3(105 93 129)
3(105 69 93)
3(105 81 69)
3(61 97 93)
3(61 93 69)
3(61 41 37)
3(61 69 41)
3(631 619 627)
3(631 627 639)
3(631 639 635)
3(633 639 627)
3(633 627 621)
3(589 581 557)
3(589 605 581)
3(489 451 494)
3(489 447 451)
3(489 477 447)
3(489 513 477)
3(255 263 223)
3(255 223 211)
3(255 211 239)
3(318 277 273)
3(318 316 277)
3(318 273 320)
3(318 320 365)
3(318 361 316)
3(318 365 361)
3(231 281 239)
3(231 195 191)
3(231 191 235)
3(231 235 277)
3(231 277 281)
3(285 314 312)
3(285 281 314)
3(285 239 281)
3(285 255 239)
3(362 408 404)
3(362 404 366)
3(362 319 317)
3(362 366 319)
3(248 268 298)
3(248 224 204)
3(248 204 216)
3(248 216 268)
3(264 256 224)
3(264 298 311)
3(264 224 248)
3(264 248 298)
3(617 625 633)
3(617 633 621)
3(613 619 601)
3(613 627 619)
3(613 621 627)
3(453 494 451)
3(486 502 530)
3(486 462 502)
3(486 466 440)
3(486 440 462)
3(482 436 466)
3(482 458 436)
3(482 498 458)
3(376 384 338)
3(376 416 384)
3(376 338 311)
3(461 439 485)
3(461 485 501)
3(461 431 419)
3(379 349 395)
3(379 395 419)
3(379 306 349)
3(432 388 413)
3(432 413 455)
3(509 469 477)
3(509 477 513)
3(509 497 469)
3(509 513 545)
3(509 533 497)
3(509 545 533)
3(353 357 399)
3(353 314 357)
3(353 312 314)
3(371 349 308)
3(371 308 341)
3(371 395 349)
3(371 423 395)
3(626 630 612)
3(626 618 634)
3(626 634 638)
3(626 638 630)
3(608 626 612)
3(608 618 626)
3(622 634 618)
3(622 628 634)
3(622 614 628)
3(632 628 620)
3(632 624 636)
3(632 620 616)
3(632 616 624)
3(556 522 542)
3(556 542 574)
3(566 593 586)
3(566 586 562)
3(566 562 538)
3(565 585 593)
3(565 537 561)
3(565 561 585)
3(565 593 566)
3(323 276 321)
3(323 364 325)
3(238 194 190)
3(238 190 230)
3(238 230 276)
3(412 404 452)
3(412 366 404)
3(495 454 452)
3(495 452 490)
3(495 490 522)
3(174 154 200)
3(174 204 158)
3(174 158 134)
3(174 134 154)
3(174 216 204)
3(174 200 216)
3(178 200 154)
3(178 154 138)
3(147 190 152)
3(147 152 120)
3(92 104 124)
3(113 87 81)
3(113 133 87)
3(113 157 133)
3(113 141 157)
3(113 105 141)
3(113 81 105)
3(44 52 26)
3(44 22 40)
3(36 26 52)
3(27 37 19)
3(27 19 13)
3(10 14 22)
3(10 2 14)
3(10 6 2)
3(10 22 26)
3(91 74 73)
3(91 101 121)
3(91 73 101)
3(91 102 74)
3(153 109 133)
3(153 133 173)
3(153 137 109)
3(153 177 137)
3(153 173 199)
3(153 199 177)
3(25 35 51)
3(623 635 629)
3(623 631 635)
3(623 629 609)
3(623 609 605)
3(597 601 619)
3(597 577 601)
3(521 541 513)
3(521 513 489)
3(521 555 541)
3(521 489 494)
3(358 315 354)
3(358 400 408)
3(358 354 400)
3(358 408 362)
3(358 317 315)
3(358 362 317)
3(302 264 311)
3(302 311 338)
3(302 338 313)
3(302 256 264)
3(302 286 256)
3(302 313 286)
3(594 601 573)
3(594 613 601)
3(385 377 417)
3(385 417 429)
3(347 370 389)
3(347 336 370)
3(348 390 370)
3(348 370 336)
3(322 367 320)
3(322 363 367)
3(322 324 363)
3(380 396 350)
3(380 350 307)
3(380 307 346)
3(380 346 388)
3(506 530 552)
3(506 486 530)
3(506 466 486)
3(506 482 466)
3(342 376 311)
3(342 311 298)
3(342 298 309)
3(345 306 379)
3(345 293 306)
3(345 305 293)
3(345 369 305)
3(473 461 501)
3(473 431 461)
3(473 455 431)
3(473 493 455)
3(517 501 537)
3(517 473 501)
3(517 493 473)
3(474 432 455)
3(474 455 493)
3(474 462 432)
3(474 502 462)
3(383 399 427)
3(383 353 399)
3(383 427 415)
3(383 415 375)
3(391 341 375)
3(391 371 341)
3(391 423 371)
3(391 435 423)
3(391 415 435)
3(391 375 415)
3(310 297 263)
3(310 341 297)
3(310 375 341)
3(640 634 628)
3(640 638 634)
3(640 641 638)
3(640 636 641)
3(640 632 636)
3(640 628 632)
3(637 630 638)
3(637 639 633)
3(637 641 639)
3(637 638 641)
3(637 625 630)
3(637 633 625)
3(592 618 608)
3(280 238 276)
3(280 323 325)
3(280 276 323)
3(406 410 364)
3(406 412 454)
3(406 454 450)
3(406 450 410)
3(368 364 323)
3(368 406 364)
3(368 412 406)
3(368 366 412)
3(368 321 366)
3(368 323 321)
3(492 454 495)
3(492 450 454)
3(492 516 480)
3(492 480 450)
3(524 522 556)
3(524 495 522)
3(524 492 495)
3(524 516 492)
3(208 220 178)
3(207 251 227)
3(207 177 219)
3(207 165 177)
3(207 219 251)
3(271 251 293)
3(271 227 251)
3(271 293 305)
3(271 305 294)
3(188 190 147)
3(188 192 236)
3(188 236 230)
3(64 44 40)
3(64 40 68)
3(64 100 96)
3(64 68 100)
3(56 36 60)
3(56 32 36)
3(117 146 149)
3(117 125 97)
3(117 149 125)
3(18 10 26)
3(18 26 36)
3(18 36 32)
3(18 32 12)
3(18 6 10)
3(18 12 6)
3(122 91 121)
3(122 138 102)
3(122 102 91)
3(21 9 25)
3(21 13 9)
3(21 27 13)
3(21 25 43)
3(5 6 12)
3(5 1 0)
3(5 0 6)
3(5 9 1)
3(17 35 25)
3(17 25 9)
3(17 9 5)
3(17 5 12)
3(569 557 533)
3(569 589 557)
3(569 577 597)
3(569 533 545)
3(569 597 589)
3(569 545 577)
3(615 597 619)
3(615 623 605)
3(615 605 589)
3(615 619 631)
3(615 631 623)
3(491 453 449)
3(491 494 453)
3(599 617 621)
3(607 617 591)
3(607 625 617)
3(414 390 434)
3(414 370 390)
3(414 389 370)
3(554 584 564)
3(532 554 564)
3(500 484 460)
3(532 508 554)
3(460 484 438)
3(554 560 584)
3(592 584 560)
3(401 385 429)
3(401 429 445)
3(339 377 385)
3(183 143 159)
3(163 197 193)
3(171 213 197)
3(171 143 183)
3(171 183 213)
3(171 197 163)
3(217 175 201)
3(179 167 209)
3(359 409 363)
3(359 363 324)
3(359 401 409)
3(405 363 409)
3(405 453 411)
3(405 409 449)
3(405 449 453)
3(405 411 367)
3(405 367 363)
3(275 320 273)
3(275 322 320)
3(420 388 432)
3(420 380 388)
3(420 396 380)
3(420 440 396)
3(420 432 462)
3(526 506 552)
3(526 482 506)
3(526 552 558)
3(526 498 482)
3(526 558 534)
3(526 534 498)
3(392 376 342)
3(392 424 436)
3(392 436 416)
3(392 416 376)
3(387 413 369)
3(387 369 345)
3(387 431 413)
3(387 345 379)
3(387 419 431)
3(387 379 419)
3(518 493 517)
3(518 538 502)
3(518 502 474)
3(518 474 493)
3(337 383 375)
3(337 375 310)
3(337 312 353)
3(337 353 383)
3(301 310 263)
3(301 263 255)
3(301 312 337)
3(301 337 310)
3(301 285 312)
3(301 255 285)
3(595 602 614)
3(595 574 602)
3(572 560 536)
3(572 536 548)
3(572 592 560)
3(572 548 580)
3(422 434 390)
3(464 434 422)
3(430 386 402)
3(446 410 450)
3(446 430 402)
3(185 227 208)
3(185 207 227)
3(185 165 207)
3(252 260 220)
3(252 220 208)
3(252 294 260)
3(252 208 227)
3(252 271 294)
3(252 227 271)
3(118 86 98)
3(118 120 86)
3(118 147 120)
3(150 162 192)
3(150 192 188)
3(150 188 147)
3(150 147 118)
3(59 35 55)
3(31 55 35)
3(31 35 17)
3(31 17 12)
3(46 37 27)
3(71 43 51)
3(71 63 43)
3(187 235 191)
3(187 191 149)
3(187 149 146)
3(187 146 189)
3(523 491 515)
3(523 494 491)
3(523 555 521)
3(523 521 494)
3(603 599 621)
3(603 621 613)
3(603 613 594)
3(579 599 603)
3(611 625 607)
3(611 630 625)
3(528 508 484)
3(528 554 508)
3(528 560 554)
3(528 484 500)
3(528 536 560)
3(528 500 536)
3(459 429 417)
3(393 417 377)
3(393 373 425)
3(233 193 197)
3(326 324 283)
3(326 359 324)
3(131 143 171)
3(131 171 163)
3(205 183 159)
3(205 159 175)
3(205 175 217)
3(397 425 373)
3(397 373 351)
3(172 144 132)
3(172 184 144)
3(80 60 90)
3(80 56 60)
3(112 104 80)
3(112 80 90)
3(112 90 136)
3(112 136 156)
3(356 402 386)
3(418 386 430)
3(418 460 438)
3(418 430 460)
3(382 390 348)
3(382 348 335)
3(382 422 390)
3(382 398 422)
3(372 392 342)
3(372 309 350)
3(372 342 309)
3(372 350 396)
3(372 396 424)
3(372 424 392)
3(549 566 538)
3(549 538 518)
3(549 565 566)
3(549 518 517)
3(549 537 565)
3(549 517 537)
3(604 614 622)
3(604 595 614)
3(576 556 574)
3(576 574 595)
3(576 604 580)
3(576 595 604)
3(512 536 500)
3(512 548 536)
3(512 516 548)
3(512 480 516)
3(442 422 398)
3(488 508 532)
3(488 464 442)
3(300 331 344)
3(300 266 331)
3(394 438 426)
3(394 418 438)
3(472 430 446)
3(472 500 460)
3(472 460 430)
3(472 512 500)
3(472 446 480)
3(472 480 512)
3(145 165 185)
3(145 121 165)
3(145 122 121)
3(126 118 98)
3(126 150 118)
3(126 162 150)
3(126 130 162)
3(126 94 130)
3(126 98 94)
3(180 156 202)
3(186 209 167)
3(186 167 148)
3(186 228 209)
3(48 32 56)
3(48 55 31)
3(48 31 32)
3(39 21 43)
3(39 43 63)
3(39 27 21)
3(39 46 27)
3(83 51 59)
3(83 71 51)
3(119 146 117)
3(67 63 99)
3(67 39 63)
3(67 46 39)
3(571 599 579)
3(571 591 599)
3(543 555 523)
3(543 523 515)
3(437 459 417)
3(437 417 393)
3(437 393 425)
3(587 611 607)
3(587 607 583)
3(587 583 563)
3(433 389 414)
3(241 197 213)
3(241 213 257)
3(241 283 233)
3(279 233 283)
3(279 283 324)
3(279 324 322)
3(279 322 275)
3(287 326 283)
3(287 241 257)
3(287 283 241)
3(355 339 385)
3(355 359 326)
3(355 385 401)
3(355 401 359)
3(95 63 71)
3(95 99 63)
3(225 257 213)
3(225 183 205)
3(225 213 183)
3(343 393 377)
3(343 373 393)
3(249 205 217)
3(249 225 205)
3(295 336 347)
3(295 347 334)
3(381 397 351)
3(381 351 334)
3(381 347 389)
3(381 334 347)
3(116 136 90)
3(108 96 132)
3(108 132 144)
3(108 144 116)
3(164 152 194)
3(164 128 152)
3(164 132 128)
3(164 172 132)
3(340 356 386)
3(360 325 364)
3(360 364 410)
3(360 410 402)
3(360 402 356)
3(262 254 222)
3(262 292 335)
3(272 228 254)
3(272 336 295)
3(374 344 394)
3(374 426 398)
3(374 394 426)
3(352 398 382)
3(352 382 335)
3(352 374 398)
3(246 222 202)
3(246 270 292)
3(246 262 222)
3(246 292 262)
3(246 218 270)
3(600 592 572)
3(600 572 580)
3(600 580 604)
3(600 622 618)
3(600 604 622)
3(544 548 516)
3(544 516 524)
3(544 580 548)
3(544 576 580)
3(544 524 556)
3(544 556 576)
3(234 238 280)
3(234 194 238)
3(304 340 331)
3(304 331 266)
3(304 266 258)
3(214 184 172)
3(214 242 258)
3(468 484 508)
3(468 508 488)
3(468 488 442)
3(468 438 484)
3(468 426 438)
3(468 442 426)
3(166 138 122)
3(166 122 145)
3(166 178 138)
3(166 208 178)
3(166 185 208)
3(166 145 185)
3(140 156 180)
3(140 112 156)
3(140 124 104)
3(140 104 112)
3(210 180 222)
3(210 222 254)
3(210 254 228)
3(210 228 186)
3(89 83 59)
3(155 201 175)
3(155 179 201)
3(123 148 167)
3(123 92 124)
3(123 124 148)
3(75 55 48)
3(76 48 56)
3(76 104 92)
3(76 92 75)
3(76 75 48)
3(76 80 104)
3(76 56 80)
3(115 159 143)
3(115 83 89)
3(127 119 99)
3(127 131 163)
3(127 99 95)
3(127 95 131)
3(65 46 67)
3(65 97 61)
3(65 61 37)
3(65 37 46)
3(559 591 571)
3(559 583 591)
3(575 555 543)
3(575 573 555)
3(575 594 573)
3(575 543 579)
3(575 603 594)
3(575 579 603)
3(483 459 437)
3(535 527 559)
3(535 559 571)
3(479 511 515)
3(479 515 491)
3(479 491 449)
3(567 587 563)
3(456 433 414)
3(456 414 434)
3(487 441 463)
3(553 531 563)
3(553 563 583)
3(553 583 559)
3(553 559 527)
3(237 279 275)
3(237 233 279)
3(237 189 193)
3(237 193 233)
3(328 339 355)
3(328 326 287)
3(328 355 326)
3(107 95 71)
3(107 115 143)
3(107 143 131)
3(107 131 95)
3(107 71 83)
3(107 83 115)
3(330 377 339)
3(330 343 377)
3(330 299 343)
3(332 351 373)
3(332 373 343)
3(332 343 299)
3(332 291 351)
3(269 299 249)
3(269 332 299)
3(269 291 332)
3(269 245 291)
3(269 249 217)
3(269 217 245)
3(265 249 299)
3(265 225 249)
3(265 257 225)
3(265 299 330)
3(253 209 228)
3(253 228 272)
3(253 272 295)
3(421 389 433)
3(421 381 389)
3(421 397 381)
3(421 441 397)
3(421 433 463)
3(84 116 90)
3(84 60 52)
3(84 90 60)
3(84 108 116)
3(198 172 164)
3(198 214 172)
3(198 242 214)
3(198 194 234)
3(378 386 418)
3(378 340 386)
3(378 418 394)
3(378 394 344)
3(378 344 331)
3(378 331 340)
3(296 272 254)
3(296 262 335)
3(296 254 262)
3(296 335 348)
3(296 348 336)
3(296 336 272)
3(333 344 374)
3(333 374 352)
3(333 300 344)
3(333 352 292)
3(333 292 270)
3(333 270 300)
3(250 270 218)
3(250 300 270)
3(250 266 300)
3(176 156 136)
3(176 202 156)
3(176 218 202)
3(329 356 340)
3(329 340 304)
3(168 140 180)
3(168 180 210)
3(168 148 124)
3(168 124 140)
3(168 186 148)
3(168 210 186)
3(79 59 55)
3(79 89 59)
3(79 55 75)
3(79 111 89)
3(135 175 159)
3(135 155 175)
3(135 159 115)
3(135 111 155)
3(135 89 111)
3(135 115 89)
3(139 167 179)
3(139 179 155)
3(139 155 111)
3(139 123 167)
3(151 119 127)
3(151 189 146)
3(151 146 119)
3(151 193 189)
3(151 163 193)
3(151 127 163)
3(85 119 117)
3(85 65 67)
3(85 99 119)
3(85 67 99)
3(85 117 97)
3(85 97 65)
3(499 459 483)
3(499 483 527)
3(499 527 535)
3(499 535 511)
3(547 535 571)
3(547 511 535)
3(547 571 579)
3(547 579 543)
3(547 543 515)
3(547 515 511)
3(540 532 564)
3(540 550 520)
3(504 464 488)
3(504 488 532)
3(504 532 540)
3(504 540 520)
3(519 520 550)
3(588 608 612)
3(588 564 584)
3(588 584 608)
3(467 441 487)
3(467 483 437)
3(467 437 425)
3(467 425 441)
3(507 487 531)
3(507 553 527)
3(507 531 553)
3(507 527 483)
3(507 483 467)
3(507 467 487)
3(229 189 237)
3(229 237 275)
3(229 275 273)
3(229 273 235)
3(229 235 187)
3(221 179 209)
3(221 209 253)
3(221 245 201)
3(303 257 265)
3(303 287 257)
3(303 328 287)
3(303 265 330)
3(303 339 328)
3(303 330 339)
3(72 84 52)
3(72 108 84)
3(72 44 64)
3(72 96 108)
3(72 64 96)
3(206 218 176)
3(206 250 218)
3(327 360 356)
3(327 356 329)
3(327 325 360)
3(103 79 75)
3(103 92 123)
3(103 75 92)
3(103 111 79)
3(103 139 111)
3(103 123 139)
3(471 429 459)
3(471 459 499)
3(471 445 429)
3(471 499 511)
3(471 479 445)
3(471 511 479)
3(476 456 434)
3(476 504 520)
3(476 434 464)
3(476 464 504)
3(503 531 487)
3(503 487 463)
3(539 550 567)
3(539 519 550)
3(539 567 563)
3(539 563 531)
3(539 531 503)
3(539 503 519)
3(568 567 550)
3(568 550 540)
3(568 540 564)
3(568 564 588)
3(261 291 245)
3(261 245 221)
3(261 221 253)
3(261 334 291)
3(261 295 334)
3(261 253 295)
3(226 206 184)
3(226 184 214)
3(226 214 258)
3(226 258 266)
3(226 266 250)
3(226 250 206)
3(160 144 184)
3(160 184 206)
3(160 206 176)
3(160 116 144)
3(160 136 116)
3(160 176 136)
3(288 327 329)
3(288 258 242)
3(288 304 258)
3(288 329 304)
3(496 520 519)
3(496 476 520)
3(496 456 476)
3(596 588 612)
3(596 568 588)
3(596 612 611)
3(596 567 568)
3(596 611 587)
3(596 587 567)
3(284 242 234)
3(284 288 242)
3(284 327 288)
3(284 234 280)
3(284 280 325)
3(284 325 327)
3(475 433 456)
3(475 456 496)
3(475 463 433)
3(475 503 463)
3(475 519 503)
3(475 496 519)
3(307 350 290)
3(400 444 408)
3(240 232 196)
3(407 399 357)
3(598 590 616)
3(24 42 20)
3(306 289 349)
3(11 29 30)
3(239 195 231)
3(411 453 451)
3(462 440 420)
3(629 610 609)
3(230 190 188)
3(177 199 219)
3(41 49 23)
3(630 611 612)
3(26 22 44)
3(461 419 439)
3(402 410 446)
3(412 452 454)
3(178 220 200)
3(43 25 51)
3(12 32 31)
3(597 615 589)
3(599 591 617)
3(401 445 409)
3(179 221 201)
3(464 422 442)
3(334 351 291)
3(335 292 352)
3(180 202 222)
3(241 233 197)
3(463 441 421)
3(600 618 592)
3(242 198 234)
3(229 187 189)
3(49 57 33)
3(51 35 59)
3(52 44 72)
3(52 60 36)
3(196 192 162)
3(198 164 194)
3(199 215 243)
3(200 244 216)
3(201 245 217)
3(202 218 246)
3(440 424 396)
3(441 425 397)
3(442 398 426)
3(444 478 448)
3(445 479 449)
3(446 450 480)
3(590 582 606)
3(591 583 607)
3(592 608 584)
3(50 34 58)
3(50 70 42)
)

// ************************************************************************* //
