/*--------------------------------*- C++ -*----------------------------------*\
  =========                 |
  \\      /  F ield         | OpenFOAM: The Open Source CFD Toolbox
   \\    /   O peration     |
    \\  /    A nd           | Version: 13
     \\/     M anipulation  |
\*---------------------------------------------------------------------------*/
FoamFile
{
    version     2.0;
    format      ascii;
    class       vectorField;
    location    "constant/polyMesh";
    object      points;
}
// * * * * * * * * * * * * * * * * * * * * * * * * * * * * * * * * * * * * //
669
(
(-1 0 0)
(-0.99043887853622437 0 -0.13795223832130432)
(-0.99043887853622437 0 0.13795223832130432)
(-0.98768836259841919 -0.13307110965251923 -0.082242466509342194)
(-0.98768836259841919 -0.13307110965251923 0.082242466509342194)
(-0.98768836259841919 0.13307110965251923 -0.082242466509342194)
(-0.98768836259841919 0.13307110965251923 0.082242466509342194)
(-0.96639257669448853 -0.13279247283935547 -0.22011703252792358)
(-0.96639257669448853 -0.13279247283935547 0.22011703252792358)
(-0.96639257669448853 0.13279247283935547 -0.22011703252792358)
(-0.96639257669448853 0.13279247283935547 0.22011703252792358)
(-0.96386128664016724 -0.26640468835830688 0)
(-0.96386128664016724 0.26640468835830688 0)
(-0.96193838119506836 0 -0.27326652407646179)
(-0.96193838119506836 0 0.27326652407646179)
(-0.95105654001235962 -0.26286554336547852 -0.1624598503112793)
(-0.95105654001235962 -0.26286554336547852 0.1624598503112793)
(-0.95105654001235962 0.26286554336547852 -0.1624598503112793)
(-0.95105654001235962 0.26286554336547852 0.1624598503112793)
(-0.92430460453033447 -0.13165536522865295 -0.35822880268096924)
(-0.92430460453033447 -0.13165536522865295 0.35822880268096924)
(-0.92430460453033447 0.13165536522865295 -0.35822880268096924)
(-0.92430460453033447 0.13165536522865295 0.35822880268096924)
(-0.91624414920806885 -0.26408275961875916 -0.30125889182090759)
(-0.91624414920806885 -0.26408275961875916 0.30125889182090759)
(-0.91624414920806885 0.26408275961875916 -0.30125889182090759)
(-0.91624414920806885 0.26408275961875916 0.30125889182090759)
(-0.9150434136390686 0 -0.40335536003112793)
(-0.9150434136390686 0 0.40335536003112793)
(-0.91298246383666992 -0.39960706233978271 -0.082323580980300903)
(-0.91298246383666992 -0.39960706233978271 0.082323580980300903)
(-0.91298246383666992 0.39960706233978271 -0.082323580980300903)
(-0.91298246383666992 0.39960706233978271 0.082323580980300903)
(-0.89100652933120728 -0.38618737459182739 -0.23867693543434143)
(-0.89100652933120728 -0.38618737459182739 0.23867693543434143)
(-0.89100652933120728 0.38618737459182739 -0.23867693543434143)
(-0.89100652933120728 0.38618737459182739 0.23867693543434143)
(-0.86492931842803955 -0.13120037317276001 -0.48444163799285889)
(-0.86492931842803955 -0.13120037317276001 0.48444163799285889)
(-0.86492931842803955 0.13120037317276001 -0.48444163799285889)
(-0.86492931842803955 0.13120037317276001 0.48444163799285889)
(-0.86266845464706421 -0.25989192724227905 -0.43388855457305908)
(-0.86266845464706421 -0.25989192724227905 0.43388855457305908)
(-0.86266845464706421 0.25989192724227905 -0.43388855457305908)
(-0.86266845464706421 0.25989192724227905 0.43388855457305908)
(-0.85065078735351562 -0.52573108673095703 0)
(-0.85065078735351562 0 -0.52573108673095703)
(-0.85065078735351562 0 0.52573108673095703)
(-0.85065078735351562 0.52573108673095703 0)
(-0.84391146898269653 -0.38361373543739319 -0.37503856420516968)
(-0.84391146898269653 -0.38361373543739319 0.37503856420516968)
(-0.84391146898269653 0.38361373543739319 -0.37503856420516968)
(-0.84391146898269653 0.38361373543739319 0.37503856420516968)
(-0.84017789363861084 -0.51925849914550781 -0.15643446147441864)
(-0.84017789363861084 -0.51925849914550781 0.15643446147441864)
(-0.84017789363861084 0.51925849914550781 -0.15643446147441864)
(-0.84017789363861084 0.51925849914550781 0.15643446147441864)
(-0.80901700258255005 -0.5 -0.30901700258255005)
(-0.80901700258255005 -0.5 0.30901700258255005)
(-0.80901700258255005 0.5 -0.30901700258255005)
(-0.80901700258255005 0.5 0.30901700258255005)
(-0.79264920949935913 -0.2130228728055954 -0.57125163078308105)
(-0.79264920949935913 -0.2130228728055954 0.57125163078308105)
(-0.79264920949935913 0.2130228728055954 -0.57125163078308105)
(-0.79264920949935913 0.2130228728055954 0.57125163078308105)
(-0.78384304046630859 -0.081086292862892151 -0.6156420111656189)
(-0.78384304046630859 -0.081086292862892151 0.6156420111656189)
(-0.78384304046630859 0.081086292862892151 -0.6156420111656189)
(-0.78384304046630859 0.081086292862892151 0.6156420111656189)
(-0.78345167636871338 -0.34615302085876465 -0.51612162590026855)
(-0.78345167636871338 -0.34615302085876465 0.51612162590026855)
(-0.78345167636871338 0.34615302085876465 -0.51612162590026855)
(-0.78345167636871338 0.34615302085876465 0.51612162590026855)
(-0.78020435571670532 -0.62023955583572388 -0.081141851842403412)
(-0.78020435571670532 -0.62023955583572388 0.081141851842403412)
(-0.78020435571670532 0.62023955583572388 -0.081141851842403412)
(-0.78020435571670532 0.62023955583572388 0.081141851842403412)
(-0.75865232944488525 -0.60682517290115356 -0.23708632588386536)
(-0.75865232944488525 -0.60682517290115356 0.23708632588386536)
(-0.75865232944488525 0.60682517290115356 -0.23708632588386536)
(-0.75865232944488525 0.60682517290115356 0.23708632588386536)
(-0.75793540477752686 -0.46842986345291138 -0.45399048924446106)
(-0.75793540477752686 -0.46842986345291138 0.45399048924446106)
(-0.75793540477752686 0.46842986345291138 -0.45399048924446106)
(-0.75793540477752686 0.46842986345291138 0.45399048924446106)
(-0.71128171682357788 0 -0.7029070258140564)
(-0.71128171682357788 0 0.7029070258140564)
(-0.70710676908493042 -0.60150092840194702 -0.37174803018569946)
(-0.70710676908493042 -0.60150092840194702 0.37174803018569946)
(-0.70710676908493042 0.60150092840194702 -0.37174803018569946)
(-0.70710676908493042 0.60150092840194702 0.37174803018569946)
(-0.7029070258140564 -0.71128171682357788 0)
(-0.7029070258140564 0.71128171682357788 0)
(-0.70230984687805176 -0.29600459337234497 -0.64741188287734985)
(-0.70230984687805176 -0.29600459337234497 0.64741188287734985)
(-0.70230984687805176 0.29600459337234497 -0.64741188287734985)
(-0.70230984687805176 0.29600459337234497 0.64741188287734985)
(-0.70204645395278931 -0.16062203049659729 -0.69378048181533813)
(-0.70204645395278931 -0.16062203049659729 0.69378048181533813)
(-0.70204645395278931 0.16062203049659729 -0.69378048181533813)
(-0.70204645395278931 0.16062203049659729 0.69378048181533813)
(-0.69378048181533813 -0.70204645395278931 -0.16062203049659729)
(-0.69378048181533813 -0.70204645395278931 0.16062203049659729)
(-0.69378048181533813 0.70204645395278931 -0.16062203049659729)
(-0.69378048181533813 0.70204645395278931 0.16062203049659729)
(-0.68819093704223633 -0.42532539367675781 -0.58778524398803711)
(-0.68819093704223633 -0.42532539367675781 0.58778524398803711)
(-0.68819093704223633 0.42532539367675781 -0.58778524398803711)
(-0.68819093704223633 0.42532539367675781 0.58778524398803711)
(-0.64741188287734985 -0.70230984687805176 -0.29600459337234497)
(-0.64741188287734985 -0.70230984687805176 0.29600459337234497)
(-0.64741188287734985 0.70230984687805176 -0.29600459337234497)
(-0.64741188287734985 0.70230984687805176 0.29600459337234497)
(-0.64657777547836304 -0.56425422430038452 -0.51337546110153198)
(-0.64657777547836304 -0.56425422430038452 0.51337546110153198)
(-0.64657777547836304 0.56425422430038452 -0.51337546110153198)
(-0.64657777547836304 0.56425422430038452 0.51337546110153198)
(-0.62023955583572388 -0.081141851842403412 -0.78020435571670532)
(-0.62023955583572388 -0.081141851842403412 0.78020435571670532)
(-0.62023955583572388 0.081141851842403412 -0.78020435571670532)
(-0.62023955583572388 0.081141851842403412 0.78020435571670532)
(-0.6156420111656189 -0.78384304046630859 -0.081086292862892151)
(-0.6156420111656189 -0.78384304046630859 0.081086292862892151)
(-0.6156420111656189 0.78384304046630859 -0.081086292862892151)
(-0.6156420111656189 0.78384304046630859 0.081086292862892151)
(-0.60682517290115356 -0.23708632588386536 -0.75865232944488525)
(-0.60682517290115356 -0.23708632588386536 0.75865232944488525)
(-0.60682517290115356 0.23708632588386536 -0.75865232944488525)
(-0.60682517290115356 0.23708632588386536 0.75865232944488525)
(-0.60150092840194702 -0.37174803018569946 -0.70710676908493042)
(-0.60150092840194702 -0.37174803018569946 0.70710676908493042)
(-0.60150092840194702 0.37174803018569946 -0.70710676908493042)
(-0.60150092840194702 0.37174803018569946 0.70710676908493042)
(-0.58778524398803711 -0.68819093704223633 -0.42532539367675781)
(-0.58778524398803711 -0.68819093704223633 0.42532539367675781)
(-0.58778524398803711 0.68819093704223633 -0.42532539367675781)
(-0.58778524398803711 0.68819093704223633 0.42532539367675781)
(-0.57125163078308105 -0.79264920949935913 -0.2130228728055954)
(-0.57125163078308105 -0.79264920949935913 0.2130228728055954)
(-0.57125163078308105 0.79264920949935913 -0.2130228728055954)
(-0.57125163078308105 0.79264920949935913 0.2130228728055954)
(-0.56425422430038452 -0.51337546110153198 -0.64657777547836304)
(-0.56425422430038452 -0.51337546110153198 0.64657777547836304)
(-0.56425422430038452 0.51337546110153198 -0.64657777547836304)
(-0.56425422430038452 0.51337546110153198 0.64657777547836304)
(-0.52573108673095703 -0.85065078735351562 0)
(-0.52573108673095703 0 -0.85065078735351562)
(-0.52573108673095703 0 0.85065078735351562)
(-0.52573108673095703 0.85065078735351562 0)
(-0.51925849914550781 -0.15643446147441864 -0.84017789363861084)
(-0.51925849914550781 -0.15643446147441864 0.84017789363861084)
(-0.51925849914550781 0.15643446147441864 -0.84017789363861084)
(-0.51925849914550781 0.15643446147441864 0.84017789363861084)
(-0.51612162590026855 -0.78345167636871338 -0.34615302085876465)
(-0.51612162590026855 -0.78345167636871338 0.34615302085876465)
(-0.51612162590026855 0.78345167636871338 -0.34615302085876465)
(-0.51612162590026855 0.78345167636871338 0.34615302085876465)
(-0.51337546110153198 -0.64657777547836304 -0.56425422430038452)
(-0.51337546110153198 -0.64657777547836304 0.56425422430038452)
(-0.51337546110153198 0.64657777547836304 -0.56425422430038452)
(-0.51337546110153198 0.64657777547836304 0.56425422430038452)
(-0.5 -0.30901700258255005 -0.80901700258255005)
(-0.5 -0.30901700258255005 0.80901700258255005)
(-0.5 0.30901700258255005 -0.80901700258255005)
(-0.5 0.30901700258255005 0.80901700258255005)
(-0.48444163799285889 -0.86492931842803955 -0.13120037317276001)
(-0.48444163799285889 -0.86492931842803955 0.13120037317276001)
(-0.48444163799285889 0.86492931842803955 -0.13120037317276001)
(-0.48444163799285889 0.86492931842803955 0.13120037317276001)
(-0.46842986345291138 -0.45399048924446106 -0.75793540477752686)
(-0.46842986345291138 -0.45399048924446106 0.75793540477752686)
(-0.46842986345291138 0.45399048924446106 -0.75793540477752686)
(-0.46842986345291138 0.45399048924446106 0.75793540477752686)
(-0.45399048924446106 -0.75793540477752686 -0.46842986345291138)
(-0.45399048924446106 -0.75793540477752686 0.46842986345291138)
(-0.45399048924446106 0.75793540477752686 -0.46842986345291138)
(-0.45399048924446106 0.75793540477752686 0.46842986345291138)
(-0.43388855457305908 -0.86266845464706421 -0.25989192724227905)
(-0.43388855457305908 -0.86266845464706421 0.25989192724227905)
(-0.43388855457305908 0.86266845464706421 -0.25989192724227905)
(-0.43388855457305908 0.86266845464706421 0.25989192724227905)
(-0.42532539367675781 -0.58778524398803711 -0.68819093704223633)
(-0.42532539367675781 -0.58778524398803711 0.68819093704223633)
(-0.42532539367675781 0.58778524398803711 -0.68819093704223633)
(-0.42532539367675781 0.58778524398803711 0.68819093704223633)
(-0.40335536003112793 -0.9150434136390686 0)
(-0.40335536003112793 0.9150434136390686 0)
(-0.39960706233978271 -0.082323580980300903 -0.91298246383666992)
(-0.39960706233978271 -0.082323580980300903 0.91298246383666992)
(-0.39960706233978271 0.082323580980300903 -0.91298246383666992)
(-0.39960706233978271 0.082323580980300903 0.91298246383666992)
(-0.38618737459182739 -0.23867693543434143 -0.89100652933120728)
(-0.38618737459182739 -0.23867693543434143 0.89100652933120728)
(-0.38618737459182739 0.23867693543434143 -0.89100652933120728)
(-0.38618737459182739 0.23867693543434143 0.89100652933120728)
(-0.38361373543739319 -0.37503856420516968 -0.84391146898269653)
(-0.38361373543739319 -0.37503856420516968 0.84391146898269653)
(-0.38361373543739319 0.37503856420516968 -0.84391146898269653)
(-0.38361373543739319 0.37503856420516968 0.84391146898269653)
(-0.37503856420516968 -0.84391146898269653 -0.38361373543739319)
(-0.37503856420516968 -0.84391146898269653 0.38361373543739319)
(-0.37503856420516968 0.84391146898269653 -0.38361373543739319)
(-0.37503856420516968 0.84391146898269653 0.38361373543739319)
(-0.37174803018569946 -0.70710676908493042 -0.60150092840194702)
(-0.37174803018569946 -0.70710676908493042 0.60150092840194702)
(-0.37174803018569946 0.70710676908493042 -0.60150092840194702)
(-0.37174803018569946 0.70710676908493042 0.60150092840194702)
(-0.35822880268096924 -0.92430460453033447 -0.13165536522865295)
(-0.35822880268096924 -0.92430460453033447 0.13165536522865295)
(-0.35822880268096924 0.92430460453033447 -0.13165536522865295)
(-0.35822880268096924 0.92430460453033447 0.13165536522865295)
(-0.34615302085876465 -0.51612162590026855 -0.78345167636871338)
(-0.34615302085876465 -0.51612162590026855 0.78345167636871338)
(-0.34615302085876465 0.51612162590026855 -0.78345167636871338)
(-0.34615302085876465 0.51612162590026855 0.78345167636871338)
(-0.30901700258255005 -0.80901700258255005 -0.5)
(-0.30901700258255005 -0.80901700258255005 0.5)
(-0.30901700258255005 0.80901700258255005 -0.5)
(-0.30901700258255005 0.80901700258255005 0.5)
(-0.30125889182090759 -0.91624414920806885 -0.26408275961875916)
(-0.30125889182090759 -0.91624414920806885 0.26408275961875916)
(-0.30125889182090759 0.91624414920806885 -0.26408275961875916)
(-0.30125889182090759 0.91624414920806885 0.26408275961875916)
(-0.29600459337234497 -0.64741188287734985 -0.70230984687805176)
(-0.29600459337234497 -0.64741188287734985 0.70230984687805176)
(-0.29600459337234497 0.64741188287734985 -0.70230984687805176)
(-0.29600459337234497 0.64741188287734985 0.70230984687805176)
(-0.27326652407646179 -0.96193838119506836 0)
(-0.27326652407646179 0.96193838119506836 0)
(-0.26640468835830688 0 -0.96386128664016724)
(-0.26640468835830688 0 0.96386128664016724)
(-0.26408275961875916 -0.30125889182090759 -0.91624414920806885)
(-0.26408275961875916 -0.30125889182090759 0.91624414920806885)
(-0.26408275961875916 0.30125889182090759 -0.91624414920806885)
(-0.26408275961875916 0.30125889182090759 0.91624414920806885)
(-0.26286554336547852 -0.1624598503112793 -0.95105654001235962)
(-0.26286554336547852 -0.1624598503112793 0.95105654001235962)
(-0.26286554336547852 0.1624598503112793 -0.95105654001235962)
(-0.26286554336547852 0.1624598503112793 0.95105654001235962)
(-0.25989192724227905 -0.43388855457305908 -0.86266845464706421)
(-0.25989192724227905 -0.43388855457305908 0.86266845464706421)
(-0.25989192724227905 0.43388855457305908 -0.86266845464706421)
(-0.25989192724227905 0.43388855457305908 0.86266845464706421)
(-0.23867693543434143 -0.89100652933120728 -0.38618737459182739)
(-0.23867693543434143 -0.89100652933120728 0.38618737459182739)
(-0.23867693543434143 0.89100652933120728 -0.38618737459182739)
(-0.23867693543434143 0.89100652933120728 0.38618737459182739)
(-0.23708632588386536 -0.75865232944488525 -0.60682517290115356)
(-0.23708632588386536 -0.75865232944488525 0.60682517290115356)
(-0.23708632588386536 0.75865232944488525 -0.60682517290115356)
(-0.23708632588386536 0.75865232944488525 0.60682517290115356)
(-0.22011703252792358 -0.96639257669448853 -0.13279247283935547)
(-0.22011703252792358 -0.96639257669448853 0.13279247283935547)
(-0.22011703252792358 0.96639257669448853 -0.13279247283935547)
(-0.22011703252792358 0.96639257669448853 0.13279247283935547)
(-0.2130228728055954 -0.57125163078308105 -0.79264920949935913)
(-0.2130228728055954 -0.57125163078308105 0.79264920949935913)
(-0.2130228728055954 0.57125163078308105 -0.79264920949935913)
(-0.2130228728055954 0.57125163078308105 0.79264920949935913)
(-0.1624598503112793 -0.95105654001235962 -0.26286554336547852)
(-0.1624598503112793 -0.95105654001235962 0.26286554336547852)
(-0.1624598503112793 0.95105654001235962 -0.26286554336547852)
(-0.1624598503112793 0.95105654001235962 0.26286554336547852)
(-0.16062203049659729 -0.69378048181533813 -0.70204645395278931)
(-0.16062203049659729 -0.69378048181533813 0.70204645395278931)
(-0.16062203049659729 0.69378048181533813 -0.70204645395278931)
(-0.16062203049659729 0.69378048181533813 0.70204645395278931)
(-0.15643446147441864 -0.84017789363861084 -0.51925849914550781)
(-0.15643446147441864 -0.84017789363861084 0.51925849914550781)
(-0.15643446147441864 0.84017789363861084 -0.51925849914550781)
(-0.15643446147441864 0.84017789363861084 0.51925849914550781)
(-0.13795223832130432 -0.99043887853622437 0)
(-0.13795223832130432 0.99043887853622437 0)
(-0.13307110965251923 -0.082242466509342194 -0.98768836259841919)
(-0.13307110965251923 -0.082242466509342194 0.98768836259841919)
(-0.13307110965251923 0.082242466509342194 -0.98768836259841919)
(-0.13307110965251923 0.082242466509342194 0.98768836259841919)
(-0.13279247283935547 -0.22011703252792358 -0.96639257669448853)
(-0.13279247283935547 -0.22011703252792358 0.96639257669448853)
(-0.13279247283935547 0.22011703252792358 -0.96639257669448853)
(-0.13279247283935547 0.22011703252792358 0.96639257669448853)
(-0.13165536522865295 -0.35822880268096924 -0.92430460453033447)
(-0.13165536522865295 -0.35822880268096924 0.92430460453033447)
(-0.13165536522865295 0.35822880268096924 -0.92430460453033447)
(-0.13165536522865295 0.35822880268096924 0.92430460453033447)
(-0.13120037317276001 -0.48444163799285889 -0.86492931842803955)
(-0.13120037317276001 -0.48444163799285889 0.86492931842803955)
(-0.13120037317276001 0.48444163799285889 -0.86492931842803955)
(-0.13120037317276001 0.48444163799285889 0.86492931842803955)
(-0.082323580980300903 -0.91298246383666992 -0.39960706233978271)
(-0.082323580980300903 -0.91298246383666992 0.39960706233978271)
(-0.082323580980300903 0.91298246383666992 -0.39960706233978271)
(-0.082323580980300903 0.91298246383666992 0.39960706233978271)
(-0.082242466509342194 -0.98768836259841919 -0.13307110965251923)
(-0.082242466509342194 -0.98768836259841919 0.13307110965251923)
(-0.082242466509342194 0.98768836259841919 -0.13307110965251923)
(-0.082242466509342194 0.98768836259841919 0.13307110965251923)
(-0.081141851842403412 -0.78020435571670532 -0.62023955583572388)
(-0.081141851842403412 -0.78020435571670532 0.62023955583572388)
(-0.081141851842403412 0.78020435571670532 -0.62023955583572388)
(-0.081141851842403412 0.78020435571670532 0.62023955583572388)
(-0.081086292862892151 -0.6156420111656189 -0.78384304046630859)
(-0.081086292862892151 -0.6156420111656189 0.78384304046630859)
(-0.081086292862892151 0.6156420111656189 -0.78384304046630859)
(-0.081086292862892151 0.6156420111656189 0.78384304046630859)
(0 -1 0)
(0 -0.96386128664016724 -0.26640468835830688)
(0 -0.96386128664016724 0.26640468835830688)
(0 -0.85065078735351562 -0.52573108673095703)
(0 -0.85065078735351562 0.52573108673095703)
(0 -0.7029070258140564 -0.71128171682357788)
(0 -0.7029070258140564 0.71128171682357788)
(0 -0.52573108673095703 -0.85065078735351562)
(0 -0.52573108673095703 0.85065078735351562)
(0 -0.40335536003112793 -0.9150434136390686)
(0 -0.40335536003112793 0.9150434136390686)
(0 -0.27326652407646179 -0.96193838119506836)
(0 -0.27326652407646179 0.96193838119506836)
(0 -0.13795223832130432 -0.99043887853622437)
(0 -0.13795223832130432 0.99043887853622437)
(0 0 -1)
(0 0 1)
(0 0.13795223832130432 -0.99043887853622437)
(0 0.13795223832130432 0.99043887853622437)
(0 0.27326652407646179 -0.96193838119506836)
(0 0.27326652407646179 0.96193838119506836)
(0 0.40335536003112793 -0.9150434136390686)
(0 0.40335536003112793 0.9150434136390686)
(0 0.52573108673095703 -0.85065078735351562)
(0 0.52573108673095703 0.85065078735351562)
(0 0.7029070258140564 -0.71128171682357788)
(0 0.7029070258140564 0.71128171682357788)
(0 0.85065078735351562 -0.52573108673095703)
(0 0.85065078735351562 0.52573108673095703)
(0 0.96386128664016724 -0.26640468835830688)
(0 0.96386128664016724 0.26640468835830688)
(0 1 0)
(0.081086292862892151 -0.6156420111656189 -0.78384304046630859)
(0.081086292862892151 -0.6156420111656189 0.78384304046630859)
(0.081086292862892151 0.6156420111656189 -0.78384304046630859)
(0.081086292862892151 0.6156420111656189 0.78384304046630859)
(0.081141851842403412 -0.78020435571670532 -0.62023955583572388)
(0.081141851842403412 -0.78020435571670532 0.62023955583572388)
(0.081141851842403412 0.78020435571670532 -0.62023955583572388)
(0.081141851842403412 0.78020435571670532 0.62023955583572388)
(0.082242466509342194 -0.98768836259841919 -0.13307110965251923)
(0.082242466509342194 -0.98768836259841919 0.13307110965251923)
(0.082242466509342194 0.98768836259841919 -0.13307110965251923)
(0.082242466509342194 0.98768836259841919 0.13307110965251923)
(0.082323580980300903 -0.91298246383666992 -0.39960706233978271)
(0.082323580980300903 -0.91298246383666992 0.39960706233978271)
(0.082323580980300903 0.91298246383666992 -0.39960706233978271)
(0.082323580980300903 0.91298246383666992 0.39960706233978271)
(0.13120037317276001 -0.48444163799285889 -0.86492931842803955)
(0.13120037317276001 -0.48444163799285889 0.86492931842803955)
(0.13120037317276001 0.48444163799285889 -0.86492931842803955)
(0.13120037317276001 0.48444163799285889 0.86492931842803955)
(0.13165536522865295 -0.35822880268096924 -0.92430460453033447)
(0.13165536522865295 -0.35822880268096924 0.92430460453033447)
(0.13165536522865295 0.35822880268096924 -0.92430460453033447)
(0.13165536522865295 0.35822880268096924 0.92430460453033447)
(0.13279247283935547 -0.22011703252792358 -0.96639257669448853)
(0.13279247283935547 -0.22011703252792358 0.96639257669448853)
(0.13279247283935547 0.22011703252792358 -0.96639257669448853)
(0.13279247283935547 0.22011703252792358 0.96639257669448853)
(0.13307110965251923 -0.082242466509342194 -0.98768836259841919)
(0.13307110965251923 -0.082242466509342194 0.98768836259841919)
(0.13307110965251923 0.082242466509342194 -0.98768836259841919)
(0.13307110965251923 0.082242466509342194 0.98768836259841919)
(0.13795223832130432 -0.99043887853622437 0)
(0.13795223832130432 0.99043887853622437 0)
(0.15643446147441864 -0.84017789363861084 -0.51925849914550781)
(0.15643446147441864 -0.84017789363861084 0.51925849914550781)
(0.15643446147441864 0.84017789363861084 -0.51925849914550781)
(0.15643446147441864 0.84017789363861084 0.51925849914550781)
(0.16062203049659729 -0.69378048181533813 -0.70204645395278931)
(0.16062203049659729 -0.69378048181533813 0.70204645395278931)
(0.16062203049659729 0.69378048181533813 -0.70204645395278931)
(0.16062203049659729 0.69378048181533813 0.70204645395278931)
(0.1624598503112793 -0.95105654001235962 -0.26286554336547852)
(0.1624598503112793 -0.95105654001235962 0.26286554336547852)
(0.1624598503112793 0.95105654001235962 -0.26286554336547852)
(0.1624598503112793 0.95105654001235962 0.26286554336547852)
(0.2130228728055954 -0.57125163078308105 -0.79264920949935913)
(0.2130228728055954 -0.57125163078308105 0.79264920949935913)
(0.2130228728055954 0.57125163078308105 -0.79264920949935913)
(0.2130228728055954 0.57125163078308105 0.79264920949935913)
(0.22011703252792358 -0.96639257669448853 -0.13279247283935547)
(0.22011703252792358 -0.96639257669448853 0.13279247283935547)
(0.22011703252792358 0.96639257669448853 -0.13279247283935547)
(0.22011703252792358 0.96639257669448853 0.13279247283935547)
(0.23708632588386536 -0.75865232944488525 -0.60682517290115356)
(0.23708632588386536 -0.75865232944488525 0.60682517290115356)
(0.23708632588386536 0.75865232944488525 -0.60682517290115356)
(0.23708632588386536 0.75865232944488525 0.60682517290115356)
(0.23867693543434143 -0.89100652933120728 -0.38618737459182739)
(0.23867693543434143 -0.89100652933120728 0.38618737459182739)
(0.23867693543434143 0.89100652933120728 -0.38618737459182739)
(0.23867693543434143 0.89100652933120728 0.38618737459182739)
(0.25989192724227905 -0.43388855457305908 -0.86266845464706421)
(0.25989192724227905 -0.43388855457305908 0.86266845464706421)
(0.25989192724227905 0.43388855457305908 -0.86266845464706421)
(0.25989192724227905 0.43388855457305908 0.86266845464706421)
(0.26286554336547852 -0.1624598503112793 -0.95105654001235962)
(0.26286554336547852 -0.1624598503112793 0.95105654001235962)
(0.26286554336547852 0.1624598503112793 -0.95105654001235962)
(0.26286554336547852 0.1624598503112793 0.95105654001235962)
(0.26408275961875916 -0.30125889182090759 -0.91624414920806885)
(0.26408275961875916 -0.30125889182090759 0.91624414920806885)
(0.26408275961875916 0.30125889182090759 -0.91624414920806885)
(0.26408275961875916 0.30125889182090759 0.91624414920806885)
(0.26640468835830688 0 -0.96386128664016724)
(0.26640468835830688 0 0.96386128664016724)
(0.27326652407646179 -0.96193838119506836 0)
(0.27326652407646179 0.96193838119506836 0)
(0.29600459337234497 -0.64741188287734985 -0.70230984687805176)
(0.29600459337234497 -0.64741188287734985 0.70230984687805176)
(0.29600459337234497 0.64741188287734985 -0.70230984687805176)
(0.29600459337234497 0.64741188287734985 0.70230984687805176)
(0.30125889182090759 -0.91624414920806885 -0.26408275961875916)
(0.30125889182090759 -0.91624414920806885 0.26408275961875916)
(0.30125889182090759 0.91624414920806885 -0.26408275961875916)
(0.30125889182090759 0.91624414920806885 0.26408275961875916)
(0.30901700258255005 -0.80901700258255005 -0.5)
(0.30901700258255005 -0.80901700258255005 0.5)
(0.30901700258255005 0.80901700258255005 -0.5)
(0.30901700258255005 0.80901700258255005 0.5)
(0.34615302085876465 -0.51612162590026855 -0.78345167636871338)
(0.34615302085876465 -0.51612162590026855 0.78345167636871338)
(0.34615302085876465 0.51612162590026855 -0.78345167636871338)
(0.34615302085876465 0.51612162590026855 0.78345167636871338)
(0.35822880268096924 -0.92430460453033447 -0.13165536522865295)
(0.35822880268096924 -0.92430460453033447 0.13165536522865295)
(0.35822880268096924 0.92430460453033447 -0.13165536522865295)
(0.35822880268096924 0.92430460453033447 0.13165536522865295)
(0.37174803018569946 -0.70710676908493042 -0.60150092840194702)
(0.37174803018569946 -0.70710676908493042 0.60150092840194702)
(0.37174803018569946 0.70710676908493042 -0.60150092840194702)
(0.37174803018569946 0.70710676908493042 0.60150092840194702)
(0.37503856420516968 -0.84391146898269653 -0.38361373543739319)
(0.37503856420516968 -0.84391146898269653 0.38361373543739319)
(0.37503856420516968 0.84391146898269653 -0.38361373543739319)
(0.37503856420516968 0.84391146898269653 0.38361373543739319)
(0.38361373543739319 -0.37503856420516968 -0.84391146898269653)
(0.38361373543739319 -0.37503856420516968 0.84391146898269653)
(0.38361373543739319 0.37503856420516968 -0.84391146898269653)
(0.38361373543739319 0.37503856420516968 0.84391146898269653)
(0.38618737459182739 -0.23867693543434143 -0.89100652933120728)
(0.38618737459182739 -0.23867693543434143 0.89100652933120728)
(0.38618737459182739 0.23867693543434143 -0.89100652933120728)
(0.38618737459182739 0.23867693543434143 0.89100652933120728)
(0.39960706233978271 -0.082323580980300903 -0.91298246383666992)
(0.39960706233978271 -0.082323580980300903 0.91298246383666992)
(0.39960706233978271 0.082323580980300903 -0.91298246383666992)
(0.39960706233978271 0.082323580980300903 0.91298246383666992)
(0.40335536003112793 -0.9150434136390686 0)
(0.40335536003112793 0.9150434136390686 0)
(0.42532539367675781 -0.58778524398803711 -0.68819093704223633)
(0.42532539367675781 -0.58778524398803711 0.68819093704223633)
(0.42532539367675781 0.58778524398803711 -0.68819093704223633)
(0.42532539367675781 0.58778524398803711 0.68819093704223633)
(0.43388855457305908 -0.86266845464706421 -0.25989192724227905)
(0.43388855457305908 -0.86266845464706421 0.25989192724227905)
(0.43388855457305908 0.86266845464706421 -0.25989192724227905)
(0.43388855457305908 0.86266845464706421 0.25989192724227905)
(0.45399048924446106 -0.75793540477752686 -0.46842986345291138)
(0.45399048924446106 -0.75793540477752686 0.46842986345291138)
(0.45399048924446106 0.75793540477752686 -0.46842986345291138)
(0.45399048924446106 0.75793540477752686 0.46842986345291138)
(0.46842986345291138 -0.45399048924446106 -0.75793540477752686)
(0.46842986345291138 -0.45399048924446106 0.75793540477752686)
(0.46842986345291138 0.45399048924446106 -0.75793540477752686)
(0.46842986345291138 0.45399048924446106 0.75793540477752686)
(0.48444163799285889 -0.86492931842803955 -0.13120037317276001)
(0.48444163799285889 -0.86492931842803955 0.13120037317276001)
(0.48444163799285889 0.86492931842803955 -0.13120037317276001)
(0.48444163799285889 0.86492931842803955 0.13120037317276001)
(0.5 -0.30901700258255005 -0.80901700258255005)
(0.5 -0.30901700258255005 0.80901700258255005)
(0.5 0.30901700258255005 -0.80901700258255005)
(0.5 0.30901700258255005 0.80901700258255005)
(0.51337546110153198 -0.64657777547836304 -0.56425422430038452)
(0.51337546110153198 -0.64657777547836304 0.56425422430038452)
(0.51337546110153198 0.64657777547836304 -0.56425422430038452)
(0.51337546110153198 0.64657777547836304 0.56425422430038452)
(0.51612162590026855 -0.78345167636871338 -0.34615302085876465)
(0.51612162590026855 -0.78345167636871338 0.34615302085876465)
(0.51612162590026855 0.78345167636871338 -0.34615302085876465)
(0.51612162590026855 0.78345167636871338 0.34615302085876465)
(0.51925849914550781 -0.15643446147441864 -0.84017789363861084)
(0.51925849914550781 -0.15643446147441864 0.84017789363861084)
(0.51925849914550781 0.15643446147441864 -0.84017789363861084)
(0.51925849914550781 0.15643446147441864 0.84017789363861084)
(0.52573108673095703 -0.85065078735351562 0)
(0.52573108673095703 0 -0.85065078735351562)
(0.52573108673095703 0 0.85065078735351562)
(0.52573108673095703 0.85065078735351562 0)
(0.56425422430038452 -0.51337546110153198 -0.64657777547836304)
(0.56425422430038452 -0.51337546110153198 0.64657777547836304)
(0.56425422430038452 0.51337546110153198 -0.64657777547836304)
(0.56425422430038452 0.51337546110153198 0.64657777547836304)
(0.57125163078308105 -0.79264920949935913 -0.2130228728055954)
(0.57125163078308105 -0.79264920949935913 0.2130228728055954)
(0.57125163078308105 0.79264920949935913 -0.2130228728055954)
(0.57125163078308105 0.79264920949935913 0.2130228728055954)
(0.58778524398803711 -0.68819093704223633 -0.42532539367675781)
(0.58778524398803711 -0.68819093704223633 0.42532539367675781)
(0.58778524398803711 0.68819093704223633 -0.42532539367675781)
(0.58778524398803711 0.68819093704223633 0.42532539367675781)
(0.60150092840194702 -0.37174803018569946 -0.70710676908493042)
(0.60150092840194702 -0.37174803018569946 0.70710676908493042)
(0.60150092840194702 0.37174803018569946 -0.70710676908493042)
(0.60150092840194702 0.37174803018569946 0.70710676908493042)
(0.60682517290115356 -0.23708632588386536 -0.75865232944488525)
(0.60682517290115356 -0.23708632588386536 0.75865232944488525)
(0.60682517290115356 0.23708632588386536 -0.75865232944488525)
(0.60682517290115356 0.23708632588386536 0.75865232944488525)
(0.6156420111656189 -0.78384304046630859 -0.081086292862892151)
(0.6156420111656189 -0.78384304046630859 0.081086292862892151)
(0.6156420111656189 0.78384304046630859 -0.081086292862892151)
(0.6156420111656189 0.78384304046630859 0.081086292862892151)
(0.62023955583572388 -0.081141851842403412 -0.78020435571670532)
(0.62023955583572388 -0.081141851842403412 0.78020435571670532)
(0.62023955583572388 0.081141851842403412 -0.78020435571670532)
(0.62023955583572388 0.081141851842403412 0.78020435571670532)
(0.64657777547836304 -0.56425422430038452 -0.51337546110153198)
(0.64657777547836304 -0.56425422430038452 0.51337546110153198)
(0.64657777547836304 0.56425422430038452 -0.51337546110153198)
(0.64657777547836304 0.56425422430038452 0.51337546110153198)
(0.64741188287734985 -0.70230984687805176 -0.29600459337234497)
(0.64741188287734985 -0.70230984687805176 0.29600459337234497)
(0.64741188287734985 0.70230984687805176 -0.29600459337234497)
(0.64741188287734985 0.70230984687805176 0.29600459337234497)
(0.68819093704223633 -0.42532539367675781 -0.58778524398803711)
(0.68819093704223633 -0.42532539367675781 0.58778524398803711)
(0.68819093704223633 0.42532539367675781 -0.58778524398803711)
(0.68819093704223633 0.42532539367675781 0.58778524398803711)
(0.69378048181533813 -0.70204645395278931 -0.16062203049659729)
(0.69378048181533813 -0.70204645395278931 0.16062203049659729)
(0.69378048181533813 0.70204645395278931 -0.16062203049659729)
(0.69378048181533813 0.70204645395278931 0.16062203049659729)
(0.70204645395278931 -0.16062203049659729 -0.69378048181533813)
(0.70204645395278931 -0.16062203049659729 0.69378048181533813)
(0.70204645395278931 0.16062203049659729 -0.69378048181533813)
(0.70204645395278931 0.16062203049659729 0.69378048181533813)
(0.70230984687805176 -0.29600459337234497 -0.64741188287734985)
(0.70230984687805176 -0.29600459337234497 0.64741188287734985)
(0.70230984687805176 0.29600459337234497 -0.64741188287734985)
(0.70230984687805176 0.29600459337234497 0.64741188287734985)
(0.7029070258140564 -0.71128171682357788 0)
(0.7029070258140564 0.71128171682357788 0)
(0.70710676908493042 -0.60150092840194702 -0.37174803018569946)
(0.70710676908493042 -0.60150092840194702 0.37174803018569946)
(0.70710676908493042 0.60150092840194702 -0.37174803018569946)
(0.70710676908493042 0.60150092840194702 0.37174803018569946)
(0.71128171682357788 0 -0.7029070258140564)
(0.71128171682357788 0 0.7029070258140564)
(0.75793540477752686 -0.46842986345291138 -0.45399048924446106)
(0.75793540477752686 -0.46842986345291138 0.45399048924446106)
(0.75793540477752686 0.46842986345291138 -0.45399048924446106)
(0.75793540477752686 0.46842986345291138 0.45399048924446106)
(0.75865232944488525 -0.60682517290115356 -0.23708632588386536)
(0.75865232944488525 -0.60682517290115356 0.23708632588386536)
(0.75865232944488525 0.60682517290115356 -0.23708632588386536)
(0.75865232944488525 0.60682517290115356 0.23708632588386536)
(0.78020435571670532 -0.62023955583572388 -0.081141851842403412)
(0.78020435571670532 -0.62023955583572388 0.081141851842403412)
(0.78020435571670532 0.62023955583572388 -0.081141851842403412)
(0.78020435571670532 0.62023955583572388 0.081141851842403412)
(0.78345167636871338 -0.34615302085876465 -0.51612162590026855)
(0.78345167636871338 -0.34615302085876465 0.51612162590026855)
(0.78345167636871338 0.34615302085876465 -0.51612162590026855)
(0.78345167636871338 0.34615302085876465 0.51612162590026855)
(0.78384304046630859 -0.081086292862892151 -0.6156420111656189)
(0.78384304046630859 -0.081086292862892151 0.6156420111656189)
(0.78384304046630859 0.081086292862892151 -0.6156420111656189)
(0.78384304046630859 0.081086292862892151 0.6156420111656189)
(0.79264920949935913 -0.2130228728055954 -0.57125163078308105)
(0.79264920949935913 -0.2130228728055954 0.57125163078308105)
(0.79264920949935913 0.2130228728055954 -0.57125163078308105)
(0.79264920949935913 0.2130228728055954 0.57125163078308105)
(0.80901700258255005 -0.5 -0.30901700258255005)
(0.80901700258255005 -0.5 0.30901700258255005)
(0.80901700258255005 0.5 -0.30901700258255005)
(0.80901700258255005 0.5 0.30901700258255005)
(0.84017789363861084 -0.51925849914550781 -0.15643446147441864)
(0.84017789363861084 -0.51925849914550781 0.15643446147441864)
(0.84017789363861084 0.51925849914550781 -0.15643446147441864)
(0.84017789363861084 0.51925849914550781 0.15643446147441864)
(0.84391146898269653 -0.38361373543739319 -0.37503856420516968)
(0.84391146898269653 -0.38361373543739319 0.37503856420516968)
(0.84391146898269653 0.38361373543739319 -0.37503856420516968)
(0.84391146898269653 0.38361373543739319 0.37503856420516968)
(0.85065078735351562 -0.52573108673095703 0)
(0.85065078735351562 0 -0.52573108673095703)
(0.85065078735351562 0 0.52573108673095703)
(0.85065078735351562 0.52573108673095703 0)
(0.86266845464706421 -0.25989192724227905 -0.43388855457305908)
(0.86266845464706421 -0.25989192724227905 0.43388855457305908)
(0.86266845464706421 0.25989192724227905 -0.43388855457305908)
(0.86266845464706421 0.25989192724227905 0.43388855457305908)
(0.86492931842803955 -0.13120037317276001 -0.48444163799285889)
(0.86492931842803955 -0.13120037317276001 0.48444163799285889)
(0.86492931842803955 0.13120037317276001 -0.48444163799285889)
(0.86492931842803955 0.13120037317276001 0.48444163799285889)
(0.89100652933120728 -0.38618737459182739 -0.23867693543434143)
(0.89100652933120728 -0.38618737459182739 0.23867693543434143)
(0.89100652933120728 0.38618737459182739 -0.23867693543434143)
(0.89100652933120728 0.38618737459182739 0.23867693543434143)
(0.91298246383666992 -0.39960706233978271 -0.082323580980300903)
(0.91298246383666992 -0.39960706233978271 0.082323580980300903)
(0.91298246383666992 0.39960706233978271 -0.082323580980300903)
(0.91298246383666992 0.39960706233978271 0.082323580980300903)
(0.9150434136390686 0 -0.40335536003112793)
(0.9150434136390686 0 0.40335536003112793)
(0.91624414920806885 -0.26408275961875916 -0.30125889182090759)
(0.91624414920806885 -0.26408275961875916 0.30125889182090759)
(0.91624414920806885 0.26408275961875916 -0.30125889182090759)
(0.91624414920806885 0.26408275961875916 0.30125889182090759)
(0.92430460453033447 -0.13165536522865295 -0.35822880268096924)
(0.92430460453033447 -0.13165536522865295 0.35822880268096924)
(0.92430460453033447 0.13165536522865295 -0.35822880268096924)
(0.92430460453033447 0.13165536522865295 0.35822880268096924)
(0.95105654001235962 -0.26286554336547852 -0.1624598503112793)
(0.95105654001235962 -0.26286554336547852 0.1624598503112793)
(0.95105654001235962 0.26286554336547852 -0.1624598503112793)
(0.95105654001235962 0.26286554336547852 0.1624598503112793)
(0.96193838119506836 0 -0.27326652407646179)
(0.96193838119506836 0 0.27326652407646179)
(0.96386128664016724 -0.26640468835830688 0)
(0.96386128664016724 0.26640468835830688 0)
(0.96639257669448853 -0.13279247283935547 -0.22011703252792358)
(0.96639257669448853 -0.13279247283935547 0.22011703252792358)
(0.96639257669448853 0.13279247283935547 -0.22011703252792358)
(0.96639257669448853 0.13279247283935547 0.22011703252792358)
(0.98768836259841919 -0.13307110965251923 -0.082242466509342194)
(0.98768836259841919 -0.13307110965251923 0.082242466509342194)
(0.98768836259841919 0.13307110965251923 -0.082242466509342194)
(0.98768836259841919 0.13307110965251923 0.082242466509342194)
(0.99043887853622437 0 -0.13795223832130432)
(0.99043887853622437 0 0.13795223832130432)
(1 0 0)
(-0.45583387495235972 -0.45664956081486691 -0.45514059708014942)
(-0.50414600271062227 -0.62752913678919475 0.00042940865823028575)
(-0.4587271909715836 -0.46166724639563544 0.46061537777342754)
(-0.6277868932050642 0.00040263494818913769 -0.50283745025175863)
(-0.54422861279706403 0.00044367700179550327 -0.0058194058829004166)
(-0.62906588119078943 0.00050482324858173706 0.50278394814421368)
(-0.45865449596332897 0.45867163123490401 -0.45235602543200787)
(-0.50411795212118637 0.61736057238362818 4.8277385699507542e-05)
(-0.45984321149261265 0.45675496359960754 0.46186270368367455)
(0.00040115424482107886 -0.50674794388588584 -0.61980974566278202)
(-0.0028940363898500333 -0.54337122949217864 0.00049103632231184435)
(2.1838520564997809e-05 -0.50412476952617702 0.61734107908696312)
(0.00049349553826590889 -0.0020265070339936147 -0.52128349098792015)
(-0.0086378121303175501 0.015614777367666827 0.0043878816932441892)
(-0.00061645847434593283 -0.015987984744095005 0.53863008686411096)
(0.00068308963848150422 0.50130583219176872 -0.63106608691072019)
(-0.015459014280025954 0.53719892876686681 -0.00066258128432807495)
(-0.00098570697130880339 0.50258502670158534 0.62929907792549578)
(0.46238213644265935 -0.46378262626792205 -0.46227718093219089)
(0.50045603365809654 -0.63577719660983201 0.00057935551865643056)
(0.46011782052707095 -0.46530920845619272 0.45931082653186578)
(0.63139678146143563 -5.9283865156897764e-05 -0.51408758472922367)
(0.54295135104847092 -0.0004494920479722205 -0.0042390214997275405)
(0.63035954150093243 -0.0015778222840859167 0.50479734117167496)
(0.45862343925135601 0.45993648207546017 -0.46029791213146087)
(0.51279457728204059 0.63050835141463557 -0.0047299805060243508)
(0.45827688929318328 0.45756147751159454 0.45681692651517508)
)

// ************************************************************************* //
