/*--------------------------------*- C++ -*----------------------------------*\
  =========                 |
  \\      /  F ield         | OpenFOAM: The Open Source CFD Toolbox
   \\    /   O peration     |
    \\  /    A nd           | Version: 13
     \\/     M anipulation  |
\*---------------------------------------------------------------------------*/
FoamFile
{
    version     2.0;
    format      ascii;
    class       labelList;
    location    "constant/polyMesh";
    object      neighbour;
}
// * * * * * * * * * * * * * * * * * * * * * * * * * * * * * * * * * * * * //
7074
(
1
1
1
2
2
2
3
3
3
4
4
4
5
5
5
6
6
6
646
3
3
3
5
5
5
7
7
7
9
9
9
13
13
13
646
4
4
4
6
6
6
8
8
8
10
10
10
14
14
14
646
4
4
4
7
7
7
11
11
11
15
15
15
646
8
8
8
11
11
11
16
16
16
646
6
6
6
9
9
9
12
12
12
17
17
17
646
10
10
10
12
12
12
18
18
18
646
13
13
13
15
15
15
19
19
19
23
23
23
646
14
14
14
16
16
16
20
20
20
24
24
24
646
13
13
13
17
17
17
21
21
21
25
25
25
646
14
14
14
18
18
18
22
22
22
26
26
26
646
15
15
15
16
16
16
29
29
29
30
30
30
646
17
17
17
18
18
18
31
31
31
32
32
32
646
19
19
19
21
21
21
27
27
27
646
20
20
20
22
22
22
28
28
28
646
23
23
23
29
29
29
33
33
33
646
24
24
24
30
30
30
34
34
34
646
25
25
25
31
31
31
35
35
35
646
26
26
26
32
32
32
36
36
36
646
23
23
23
27
27
27
27
37
37
37
41
41
41
41
645
646
24
24
24
28
28
28
28
38
38
38
42
42
42
42
646
647
25
25
25
27
27
27
27
39
39
39
39
43
43
43
645
646
26
26
26
28
28
28
28
40
40
40
44
44
44
44
646
647
33
33
33
41
41
41
49
49
49
646
34
34
34
42
42
42
50
50
50
646
35
35
35
43
43
43
51
51
51
646
36
36
36
44
44
44
52
52
52
646
37
37
37
39
39
39
46
46
46
645
646
38
38
38
40
40
40
47
47
47
646
647
30
30
30
30
33
33
33
33
45
45
45
53
53
53
643
646
34
34
34
34
45
45
45
54
54
54
643
646
32
32
32
32
35
35
35
48
48
48
55
55
55
55
646
649
36
36
36
36
48
48
48
56
56
56
646
649
49
49
49
49
53
53
53
57
57
57
643
646
50
50
50
50
54
54
54
58
58
58
643
646
51
51
51
55
55
55
55
59
59
59
59
646
649
52
52
52
52
56
56
56
60
60
60
60
60
646
649
650
41
41
41
46
46
46
61
61
61
65
65
65
645
42
42
42
47
47
47
62
62
62
66
66
66
647
43
43
43
43
46
46
46
63
63
63
67
67
67
645
646
44
44
44
47
47
47
64
64
64
68
68
68
647
49
49
49
49
61
61
61
69
69
69
645
646
50
50
50
50
62
62
62
70
70
70
646
647
51
51
51
51
63
63
63
71
71
71
71
645
646
648
52
52
52
52
64
64
64
72
72
72
72
646
647
650
53
53
53
54
54
54
73
73
73
74
74
74
643
65
65
65
67
67
67
645
66
66
66
68
68
68
647
55
55
55
56
56
56
75
75
75
76
76
76
649
57
57
57
57
69
69
69
69
81
81
81
642
643
645
646
58
58
58
58
70
70
70
70
82
82
82
643
644
646
647
59
59
59
59
71
71
71
83
83
83
646
648
60
60
60
72
72
72
84
84
84
646
650
57
57
57
73
73
73
77
77
77
643
58
58
58
74
74
74
78
78
78
643
59
59
59
75
75
75
79
79
79
646
649
60
60
60
76
76
76
80
80
80
649
77
77
77
81
81
81
87
87
87
87
642
643
78
78
78
82
82
82
88
88
88
88
643
644
79
79
79
79
83
83
83
89
89
89
646
648
649
80
80
80
80
84
84
84
90
90
90
646
649
650
65
65
65
69
69
69
93
93
93
97
97
97
645
66
66
66
70
70
70
94
94
94
98
98
98
647
67
67
67
71
71
71
95
95
95
99
99
99
645
68
68
68
72
72
72
96
96
96
100
100
100
647
67
67
67
85
85
85
97
97
97
645
68
68
68
86
86
86
98
98
98
647
85
85
85
99
99
99
645
86
86
86
100
100
100
647
81
81
81
93
93
93
93
105
105
105
642
645
82
82
82
94
94
94
94
106
106
106
644
647
83
83
83
95
95
95
95
107
107
107
645
648
84
84
84
96
96
96
96
108
108
108
647
650
74
74
74
77
77
77
91
91
91
101
101
101
643
78
78
78
91
91
91
102
102
102
643
76
76
76
79
79
79
92
92
92
103
103
103
649
80
80
80
92
92
92
104
104
104
649
87
87
87
101
101
101
109
109
109
643
88
88
88
102
102
102
110
110
110
643
89
89
89
89
103
103
103
111
111
111
648
649
90
90
90
90
104
104
104
112
112
112
649
650
87
87
87
105
105
105
113
113
113
642
88
88
88
106
106
106
114
114
114
644
89
89
89
107
107
107
115
115
115
648
90
90
90
108
108
108
116
116
116
650
97
97
97
99
99
99
117
117
117
119
119
119
645
98
98
98
100
100
100
118
118
118
120
120
120
647
109
109
109
109
113
113
113
133
133
133
642
643
110
110
110
110
114
114
114
134
134
134
643
644
111
111
111
111
115
115
115
135
135
135
648
649
112
112
112
112
116
116
116
136
136
136
649
650
101
101
101
102
102
102
121
121
121
122
122
122
643
103
103
103
104
104
104
123
123
123
124
124
124
649
97
97
97
105
105
105
125
125
125
129
129
129
129
642
645
98
98
98
106
106
106
126
126
126
130
130
130
130
644
647
99
99
99
107
107
107
127
127
127
131
131
131
131
645
648
100
100
100
108
108
108
128
128
128
132
132
132
132
647
650
117
117
117
125
125
125
645
118
118
118
126
126
126
647
119
119
119
127
127
127
645
120
120
120
128
128
128
647
109
109
109
121
121
121
137
137
137
643
110
110
110
122
122
122
138
138
138
643
111
111
111
123
123
123
139
139
139
649
112
112
112
124
124
124
140
140
140
649
113
113
113
129
129
129
141
141
141
642
114
114
114
130
130
130
142
142
142
644
115
115
115
131
131
131
143
143
143
648
116
116
116
132
132
132
144
144
144
650
133
133
133
137
137
137
153
153
153
153
642
643
134
134
134
138
138
138
154
154
154
154
643
644
135
135
135
139
139
139
155
155
155
155
648
649
136
136
136
140
140
140
156
156
156
156
649
650
133
133
133
141
141
141
157
157
157
642
134
134
134
142
142
142
158
158
158
644
135
135
135
143
143
143
159
159
159
648
136
136
136
144
144
144
160
160
160
650
119
119
119
125
125
125
146
146
146
149
149
149
645
120
120
120
126
126
126
147
147
147
150
150
150
647
127
127
127
146
146
146
151
151
151
645
128
128
128
147
147
147
152
152
152
647
122
122
122
137
137
137
145
145
145
165
165
165
643
138
138
138
145
145
145
166
166
166
643
124
124
124
139
139
139
148
148
148
167
167
167
649
140
140
140
148
148
148
168
168
168
649
129
129
129
149
149
149
161
161
161
645
130
130
130
150
150
150
162
162
162
647
131
131
131
151
151
151
163
163
163
645
132
132
132
132
152
152
152
164
164
164
164
647
650
141
141
141
161
161
161
161
169
169
169
642
645
142
142
142
162
162
162
162
170
170
170
644
647
143
143
143
163
163
163
163
171
171
171
645
648
144
144
144
164
164
164
172
172
172
647
650
153
153
153
157
157
157
173
173
173
642
154
154
154
158
158
158
174
174
174
644
155
155
155
159
159
159
175
175
175
648
156
156
156
160
160
160
176
176
176
650
153
153
153
165
165
165
177
177
177
643
154
154
154
166
166
166
178
178
178
643
155
155
155
167
167
167
179
179
179
649
156
156
156
168
168
168
180
180
180
649
157
157
157
169
169
169
181
181
181
642
158
158
158
170
170
170
182
182
182
644
159
159
159
171
171
171
183
183
183
648
160
160
160
172
172
172
184
184
184
650
165
165
165
166
166
166
185
185
185
643
149
149
149
151
151
151
187
187
187
189
189
189
645
150
150
150
152
152
152
188
188
188
190
190
190
647
167
167
167
168
168
168
186
186
186
649
161
161
161
187
187
187
191
191
191
645
162
162
162
188
188
188
192
192
192
647
163
163
163
189
189
189
193
193
193
645
164
164
164
190
190
190
194
194
194
647
173
173
173
177
177
177
177
199
199
199
642
643
174
174
174
178
178
178
200
200
200
200
643
644
175
175
175
179
179
179
179
201
201
201
648
649
176
176
176
180
180
180
180
202
202
202
649
650
173
173
173
181
181
181
203
203
203
642
174
174
174
182
182
182
204
204
204
644
175
175
175
183
183
183
205
205
205
648
176
176
176
184
184
184
206
206
206
650
169
169
169
191
191
191
195
195
195
195
642
645
170
170
170
192
192
192
196
196
196
196
644
647
171
171
171
193
193
193
197
197
197
197
645
648
172
172
172
194
194
194
194
198
198
198
647
650
177
177
177
185
185
185
207
207
207
643
178
178
178
185
185
185
208
208
208
643
179
179
179
186
186
186
209
209
209
649
180
180
180
186
186
186
210
210
210
649
181
181
181
195
195
195
211
211
211
642
182
182
182
196
196
196
212
212
212
644
183
183
183
197
197
197
213
213
213
648
184
184
184
198
198
198
214
214
214
650
199
199
199
203
203
203
215
215
215
642
200
200
200
204
204
204
216
216
216
644
201
201
201
205
205
205
217
217
217
648
202
202
202
206
206
206
218
218
218
650
199
199
199
199
199
207
207
207
207
219
219
219
642
643
652
200
200
200
200
208
208
208
208
220
220
220
643
652
201
201
201
201
209
209
209
209
221
221
221
648
649
658
202
202
202
202
210
210
210
210
222
222
222
649
650
658
203
203
203
211
211
211
223
223
223
642
204
204
204
212
212
212
224
224
224
644
205
205
205
213
213
213
225
225
225
648
206
206
206
214
214
214
226
226
226
650
207
207
207
207
208
208
208
208
227
227
227
643
652
209
209
209
209
210
210
210
210
228
228
228
649
658
189
189
189
189
191
191
191
191
229
229
229
235
235
235
645
654
190
190
190
190
192
192
192
192
230
230
230
236
236
236
647
656
193
193
193
193
229
229
229
237
237
237
645
654
194
194
194
194
230
230
230
238
238
238
647
656
195
195
195
195
231
231
231
235
235
235
645
654
196
196
196
196
232
232
232
236
236
236
647
656
197
197
197
197
233
233
233
237
237
237
645
654
198
198
198
198
234
234
234
238
238
238
647
650
656
211
211
211
211
231
231
231
239
239
239
239
642
645
651
654
212
212
212
232
232
232
240
240
240
240
644
647
656
213
213
213
213
233
233
233
241
241
241
241
645
648
654
657
214
214
214
234
234
234
242
242
242
242
242
650
656
659
215
215
215
215
219
219
219
243
243
243
243
642
643
651
652
216
216
216
216
220
220
220
244
244
244
643
644
652
217
217
217
217
221
221
221
245
245
245
245
648
657
658
218
218
218
218
222
222
222
246
246
246
246
650
658
659
215
215
215
215
223
223
223
223
247
247
247
642
651
216
216
216
224
224
224
224
248
248
248
248
644
653
217
217
217
217
225
225
225
225
249
249
249
648
657
218
218
218
226
226
226
226
250
250
250
250
650
659
219
219
219
227
227
227
251
251
251
643
652
220
220
220
227
227
227
252
252
252
643
652
221
221
221
228
228
228
253
253
253
649
658
222
222
222
228
228
228
254
254
254
649
658
223
223
223
223
239
239
239
255
255
255
642
651
224
224
224
224
240
240
240
240
256
256
256
644
653
225
225
225
225
241
241
241
257
257
257
648
657
226
226
226
226
242
242
242
242
258
258
258
650
659
243
243
243
247
247
247
267
267
267
642
651
244
244
244
244
248
248
248
248
268
268
268
644
652
653
245
245
245
249
249
249
269
269
269
648
657
246
246
246
250
250
250
250
270
270
270
650
659
243
243
243
251
251
251
259
259
259
652
244
244
244
252
252
252
260
260
260
652
245
245
245
253
253
253
261
261
261
658
246
246
246
254
254
254
262
262
262
658
247
247
247
255
255
255
263
263
263
642
651
248
248
248
256
256
256
264
264
264
644
653
249
249
249
257
257
257
265
265
265
648
657
250
250
250
258
258
258
266
266
266
650
659
251
251
251
252
252
252
271
271
271
652
253
253
253
254
254
254
272
272
272
658
235
235
235
237
237
237
273
273
273
275
275
275
654
236
236
236
238
238
238
274
274
274
276
276
276
656
235
235
235
239
239
239
277
277
277
281
281
281
654
236
236
236
240
240
240
278
278
278
282
282
282
656
237
237
237
241
241
241
279
279
279
283
283
283
654
238
238
238
242
242
242
280
280
280
284
284
284
656
273
273
273
277
277
277
654
274
274
274
278
278
278
656
275
275
275
279
279
279
654
276
276
276
280
280
280
656
255
255
255
281
281
281
281
285
285
285
651
654
256
256
256
282
282
282
282
286
286
286
644
653
656
257
257
257
283
283
283
283
287
287
287
654
657
258
258
258
284
284
284
284
288
288
288
650
656
659
259
259
259
267
267
267
289
289
289
289
651
652
260
260
260
268
268
268
268
290
290
290
652
653
261
261
261
269
269
269
291
291
291
291
657
658
262
262
262
270
270
270
292
292
292
292
658
659
263
263
263
267
267
267
297
297
297
651
264
264
264
268
268
268
298
298
298
644
653
265
265
265
269
269
269
299
299
299
657
266
266
266
270
270
270
300
300
300
650
659
259
259
259
271
271
271
293
293
293
652
260
260
260
271
271
271
294
294
294
652
261
261
261
272
272
272
295
295
295
658
262
262
262
272
272
272
296
296
296
658
263
263
263
285
285
285
301
301
301
651
264
264
264
286
286
286
302
302
302
653
265
265
265
287
287
287
303
303
303
657
266
266
266
288
288
288
304
304
304
659
289
289
289
293
293
293
306
306
306
652
290
290
290
294
294
294
307
307
307
652
291
291
291
295
295
295
334
334
334
658
292
292
292
296
296
296
335
335
335
658
297
297
297
301
301
301
310
310
310
651
298
298
298
302
302
302
311
311
311
653
299
299
299
303
303
303
330
330
330
657
300
300
300
304
304
304
331
331
331
659
289
289
289
297
297
297
308
308
308
651
290
290
290
290
298
298
298
309
309
309
652
653
291
291
291
299
299
299
332
332
332
657
292
292
292
300
300
300
333
333
333
659
293
293
293
294
294
294
305
305
305
652
295
295
295
296
296
296
336
336
336
658
275
275
275
277
277
277
318
318
318
320
320
320
654
276
276
276
278
278
278
319
319
319
321
321
321
656
279
279
279
320
320
320
322
322
322
654
280
280
280
321
321
321
323
323
323
656
281
281
281
316
316
316
318
318
318
654
282
282
282
317
317
317
319
319
319
656
283
283
283
322
322
322
324
324
324
654
284
284
284
323
323
323
325
325
325
656
285
285
285
314
314
314
314
316
316
316
651
654
286
286
286
315
315
315
315
317
317
317
653
656
287
287
287
324
324
324
326
326
326
326
654
657
288
288
288
325
325
325
327
327
327
327
656
659
301
301
301
312
312
312
314
314
314
651
302
302
302
313
313
313
315
315
315
653
303
303
303
326
326
326
328
328
328
657
304
304
304
327
327
327
329
329
329
659
306
306
306
308
308
308
349
349
349
349
651
652
307
307
307
309
309
309
350
350
350
350
652
653
332
332
332
334
334
334
351
351
351
351
657
658
333
333
333
335
335
335
352
352
352
352
658
659
305
305
305
306
306
306
345
345
345
652
305
305
305
307
307
307
346
346
346
652
334
334
334
336
336
336
347
347
347
658
335
335
335
336
336
336
348
348
348
658
308
308
308
310
310
310
341
341
341
651
309
309
309
311
311
311
342
342
342
653
330
330
330
332
332
332
343
343
343
657
331
331
331
333
333
333
344
344
344
659
310
310
310
312
312
312
337
337
337
651
311
311
311
313
313
313
338
338
338
653
328
328
328
330
330
330
339
339
339
657
329
329
329
331
331
331
340
340
340
659
345
345
345
346
346
346
369
369
369
652
345
345
345
349
349
349
379
379
379
652
346
346
346
350
350
350
380
380
380
652
341
341
341
349
349
349
371
371
371
651
342
342
342
350
350
350
372
372
372
653
337
337
337
341
341
341
375
375
375
651
338
338
338
342
342
342
376
376
376
653
314
314
314
337
337
337
353
353
353
651
315
315
315
338
338
338
354
354
354
653
316
316
316
353
353
353
357
357
357
357
651
654
317
317
317
354
354
354
358
358
358
358
653
656
318
318
318
357
357
357
361
361
361
654
319
319
319
358
358
358
362
362
362
656
320
320
320
361
361
361
365
365
365
654
321
321
321
362
362
362
366
366
366
656
322
322
322
365
365
365
367
367
367
654
323
323
323
366
366
366
368
368
368
656
324
324
324
363
363
363
367
367
367
654
325
325
325
364
364
364
368
368
368
656
326
326
326
359
359
359
363
363
363
654
327
327
327
360
360
360
364
364
364
656
328
328
328
355
355
355
359
359
359
359
654
657
329
329
329
356
356
356
360
360
360
360
656
659
339
339
339
355
355
355
657
340
340
340
356
356
356
659
339
339
339
343
343
343
377
377
377
657
340
340
340
344
344
344
378
378
378
659
343
343
343
351
351
351
373
373
373
657
344
344
344
352
352
352
374
374
374
659
347
347
347
351
351
351
381
381
381
658
348
348
348
352
352
352
382
382
382
658
347
347
347
348
348
348
370
370
370
658
353
353
353
375
375
375
383
383
383
651
354
354
354
376
376
376
384
384
384
653
355
355
355
377
377
377
385
385
385
657
356
356
356
378
378
378
386
386
386
659
371
371
371
375
375
375
391
391
391
651
372
372
372
376
376
376
392
392
392
653
373
373
373
377
377
377
393
393
393
657
374
374
374
378
378
378
394
394
394
659
369
369
369
379
379
379
387
387
387
652
369
369
369
380
380
380
388
388
388
652
370
370
370
381
381
381
389
389
389
658
370
370
370
382
382
382
390
390
390
658
371
371
371
379
379
379
395
395
395
395
651
652
372
372
372
380
380
380
396
396
396
396
652
653
373
373
373
381
381
381
397
397
397
397
657
658
374
374
374
382
382
382
398
398
398
398
658
659
357
357
357
383
383
383
399
399
399
651
358
358
358
384
384
384
400
400
400
653
359
359
359
385
385
385
401
401
401
657
360
360
360
386
386
386
402
402
402
659
361
361
361
399
399
399
399
407
407
407
651
654
362
362
362
400
400
400
400
408
408
408
653
656
363
363
363
401
401
401
401
409
409
409
654
657
364
364
364
402
402
402
402
410
410
410
656
659
365
365
365
403
403
403
407
407
407
654
366
366
366
404
404
404
408
408
408
656
367
367
367
405
405
405
409
409
409
654
368
368
368
406
406
406
410
410
410
656
367
367
367
403
403
403
411
411
411
654
368
368
368
404
404
404
412
412
412
656
405
405
405
411
411
411
654
406
406
406
412
412
412
656
387
387
387
388
388
388
413
413
413
652
389
389
389
390
390
390
414
414
414
658
391
391
391
395
395
395
423
423
423
651
392
392
392
396
396
396
424
424
424
653
393
393
393
397
397
397
425
425
425
657
394
394
394
398
398
398
426
426
426
659
383
383
383
391
391
391
415
415
415
651
384
384
384
392
392
392
416
416
416
653
385
385
385
393
393
393
417
417
417
657
386
386
386
394
394
394
418
418
418
659
387
387
387
395
395
395
419
419
419
652
388
388
388
396
396
396
420
420
420
652
389
389
389
397
397
397
421
421
421
658
390
390
390
398
398
398
422
422
422
658
399
399
399
415
415
415
427
427
427
651
400
400
400
416
416
416
428
428
428
653
401
401
401
417
417
417
429
429
429
657
402
402
402
418
418
418
430
430
430
659
413
413
413
419
419
419
431
431
431
652
413
413
413
420
420
420
432
432
432
652
414
414
414
421
421
421
433
433
433
658
414
414
414
422
422
422
434
434
434
658
415
415
415
423
423
423
435
435
435
651
416
416
416
424
424
424
424
436
436
436
436
653
662
417
417
417
425
425
425
425
437
437
437
437
657
666
418
418
418
426
426
426
426
438
438
438
438
659
668
419
419
419
423
423
423
439
439
439
439
651
652
420
420
420
424
424
424
424
440
440
440
652
653
421
421
421
425
425
425
441
441
441
441
657
658
422
422
422
426
426
426
442
442
442
442
658
659
407
407
407
427
427
427
443
443
443
443
651
654
408
408
408
428
428
428
428
444
444
444
444
653
656
662
409
409
409
429
429
429
429
445
445
445
445
654
657
666
410
410
410
430
430
430
430
446
446
446
446
446
656
659
668
407
407
407
411
411
411
447
447
447
451
451
451
654
408
408
408
412
412
412
448
448
448
452
452
452
656
409
409
409
411
411
411
449
449
449
453
453
453
654
410
410
410
412
412
412
450
450
450
454
454
454
656
443
443
443
447
447
447
654
444
444
444
448
448
448
656
445
445
445
449
449
449
654
446
446
446
450
450
450
656
451
451
451
453
453
453
654
452
452
452
454
454
454
656
431
431
431
432
432
432
455
455
455
652
433
433
433
434
434
434
456
456
456
658
427
427
427
427
435
435
435
435
457
457
457
651
660
428
428
428
428
436
436
436
436
458
458
458
653
662
429
429
429
429
437
437
437
437
459
459
459
657
666
430
430
430
430
438
438
438
438
460
460
460
659
668
431
431
431
439
439
439
461
461
461
652
432
432
432
440
440
440
462
462
462
652
433
433
433
441
441
441
463
463
463
658
434
434
434
442
442
442
464
464
464
658
435
435
435
435
439
439
439
439
465
465
465
651
660
436
436
436
440
440
440
440
466
466
466
652
653
662
437
437
437
441
441
441
441
467
467
467
657
666
438
438
438
442
442
442
442
468
468
468
659
668
443
443
443
443
457
457
457
469
469
469
651
660
444
444
444
458
458
458
470
470
470
653
662
445
445
445
459
459
459
471
471
471
657
666
446
446
446
460
460
460
472
472
472
659
668
455
455
455
455
461
461
461
461
473
473
473
652
661
455
455
455
455
462
462
462
462
474
474
474
652
661
456
456
456
456
463
463
463
463
475
475
475
658
667
456
456
456
456
464
464
464
464
476
476
476
658
667
457
457
457
465
465
465
481
481
481
651
660
458
458
458
466
466
466
482
482
482
653
662
459
459
459
467
467
467
483
483
483
657
666
460
460
460
468
468
468
484
484
484
659
668
461
461
461
461
465
465
465
485
485
485
485
651
652
660
661
462
462
462
462
462
466
466
466
486
486
486
652
661
662
463
463
463
463
467
467
467
487
487
487
657
658
666
464
464
464
464
468
468
468
488
488
488
658
659
668
447
447
447
447
469
469
469
477
477
477
477
651
654
660
663
448
448
448
470
470
470
478
478
478
478
478
656
662
665
449
449
449
449
471
471
471
479
479
479
654
666
450
450
450
450
472
472
472
480
480
480
480
656
659
665
668
451
451
451
451
477
477
477
489
489
489
654
663
452
452
452
452
478
478
478
478
490
490
490
656
665
453
453
453
453
479
479
479
479
491
491
491
654
663
666
454
454
454
454
480
480
480
492
492
492
656
665
453
453
453
453
489
489
489
494
494
494
654
663
454
454
454
454
490
490
490
495
495
495
656
665
491
491
491
494
494
494
654
663
492
492
492
495
495
495
656
665
473
473
473
474
474
474
493
493
493
652
661
475
475
475
476
476
476
496
496
496
658
667
469
469
469
481
481
481
497
497
497
660
470
470
470
482
482
482
498
498
498
662
471
471
471
483
483
483
499
499
499
666
472
472
472
484
484
484
500
500
500
668
473
473
473
485
485
485
501
501
501
652
661
474
474
474
486
486
486
486
502
502
502
652
661
662
475
475
475
487
487
487
487
503
503
503
658
666
667
476
476
476
488
488
488
488
504
504
504
658
667
668
481
481
481
485
485
485
505
505
505
660
482
482
482
486
486
486
506
506
506
662
483
483
483
487
487
487
507
507
507
666
484
484
484
488
488
488
508
508
508
668
477
477
477
497
497
497
509
509
509
660
478
478
478
498
498
498
510
510
510
662
479
479
479
499
499
499
511
511
511
666
480
480
480
500
500
500
512
512
512
668
493
493
493
501
501
501
517
517
517
661
493
493
493
502
502
502
518
518
518
661
496
496
496
503
503
503
519
519
519
667
496
496
496
504
504
504
520
520
520
667
489
489
489
509
509
509
509
513
513
513
660
663
490
490
490
510
510
510
510
514
514
514
656
662
665
491
491
491
511
511
511
515
515
515
515
663
666
492
492
492
512
512
512
516
516
516
516
665
668
497
497
497
505
505
505
525
525
525
660
498
498
498
506
506
506
526
526
526
662
499
499
499
507
507
507
527
527
527
666
500
500
500
508
508
508
528
528
528
668
501
501
501
505
505
505
529
529
529
529
660
661
502
502
502
506
506
506
530
530
530
530
661
662
503
503
503
507
507
507
531
531
531
531
666
667
504
504
504
508
508
508
532
532
532
532
667
668
494
494
494
513
513
513
521
521
521
663
495
495
495
514
514
514
522
522
522
665
494
494
494
515
515
515
523
523
523
663
495
495
495
516
516
516
524
524
524
665
517
517
517
518
518
518
661
521
521
521
523
523
523
663
522
522
522
524
524
524
665
519
519
519
520
520
520
667
509
509
509
525
525
525
533
533
533
660
510
510
510
526
526
526
534
534
534
662
511
511
511
527
527
527
535
535
535
666
512
512
512
528
528
528
536
536
536
668
517
517
517
529
529
529
537
537
537
661
518
518
518
530
530
530
538
538
538
661
519
519
519
531
531
531
539
539
539
667
520
520
520
532
532
532
540
540
540
667
525
525
525
529
529
529
551
551
551
660
526
526
526
530
530
530
552
552
552
662
527
527
527
531
531
531
553
553
553
666
528
528
528
532
532
532
554
554
554
668
513
513
513
533
533
533
545
545
545
545
660
663
514
514
514
534
534
534
546
546
546
546
662
665
515
515
515
515
535
535
535
547
547
547
547
663
666
516
516
516
516
536
536
536
548
548
548
548
665
668
521
521
521
541
541
541
545
545
545
663
522
522
522
542
542
542
546
546
546
665
523
523
523
543
543
543
547
547
547
663
666
524
524
524
544
544
544
548
548
548
665
668
518
518
518
537
537
537
549
549
549
661
538
538
538
549
549
549
661
520
520
520
539
539
539
550
550
550
667
540
540
540
550
550
550
667
523
523
523
541
541
541
555
555
555
663
524
524
524
542
542
542
556
556
556
665
543
543
543
555
555
555
663
544
544
544
556
556
556
665
533
533
533
551
551
551
557
557
557
660
534
534
534
552
552
552
558
558
558
662
535
535
535
553
553
553
559
559
559
666
536
536
536
554
554
554
560
560
560
668
537
537
537
551
551
551
551
561
561
561
660
661
538
538
538
552
552
552
552
562
562
562
661
662
539
539
539
553
553
553
553
563
563
563
666
667
540
540
540
554
554
554
554
564
564
564
667
668
545
545
545
557
557
557
569
569
569
660
546
546
546
558
558
558
570
570
570
662
547
547
547
559
559
559
571
571
571
666
548
548
548
560
560
560
572
572
572
668
549
549
549
561
561
561
565
565
565
661
549
549
549
562
562
562
566
566
566
661
550
550
550
563
563
563
567
567
567
667
550
550
550
564
564
564
568
568
568
667
545
545
545
555
555
555
573
573
573
577
577
577
663
546
546
546
556
556
556
574
574
574
578
578
578
665
547
547
547
555
555
555
575
575
575
579
579
579
663
548
548
548
556
556
556
576
576
576
580
580
580
665
569
569
569
569
577
577
577
660
663
570
570
570
570
578
578
578
662
665
571
571
571
571
579
579
579
663
666
572
572
572
572
580
580
580
665
668
565
565
565
566
566
566
661
567
567
567
568
568
568
667
557
557
557
561
561
561
581
581
581
581
660
661
558
558
558
562
562
562
582
582
582
582
661
662
559
559
559
563
563
563
563
583
583
583
666
667
560
560
560
564
564
564
564
584
584
584
667
668
573
573
573
575
575
575
663
574
574
574
576
576
576
665
569
569
569
581
581
581
589
589
589
660
570
570
570
582
582
582
590
590
590
662
571
571
571
583
583
583
591
591
591
666
572
572
572
584
584
584
592
592
592
668
565
565
565
581
581
581
585
585
585
661
566
566
566
582
582
582
586
586
586
661
567
567
567
583
583
583
583
587
587
587
666
667
568
568
568
584
584
584
584
588
588
588
667
668
566
566
566
585
585
585
593
593
593
661
586
586
586
593
593
593
661
568
568
568
587
587
587
596
596
596
667
588
588
588
596
596
596
667
577
577
577
589
589
589
589
597
597
597
660
663
578
578
578
590
590
590
598
598
598
598
662
665
579
579
579
591
591
591
599
599
599
599
663
666
580
580
580
592
592
592
600
600
600
600
665
668
575
575
575
577
577
577
594
594
594
601
601
601
663
576
576
576
578
578
578
595
595
595
602
602
602
665
579
579
579
594
594
594
603
603
603
663
580
580
580
595
595
595
604
604
604
665
597
597
597
601
601
601
663
598
598
598
602
602
602
665
599
599
599
603
603
603
663
600
600
600
604
604
604
665
585
585
585
589
589
589
589
605
605
605
660
661
586
586
586
590
590
590
590
606
606
606
661
662
587
587
587
591
591
591
607
607
607
607
666
667
588
588
588
592
592
592
608
608
608
608
608
664
667
668
593
593
593
605
605
605
609
609
609
661
593
593
593
606
606
606
610
610
610
661
596
596
596
607
607
607
611
611
611
667
596
596
596
608
608
608
612
612
612
667
597
597
597
597
605
605
605
605
615
615
615
660
661
663
664
598
598
598
598
606
606
606
606
616
616
616
661
662
664
599
599
599
599
607
607
607
607
617
617
617
664
666
600
600
600
600
608
608
608
608
618
618
618
664
668
609
609
609
610
610
610
661
601
601
601
603
603
603
613
613
613
663
602
602
602
604
604
604
614
614
614
665
611
611
611
612
612
612
667
601
601
601
615
615
615
619
619
619
619
663
664
602
602
602
616
616
616
620
620
620
620
662
664
665
603
603
603
617
617
617
621
621
621
621
663
664
666
604
604
604
618
618
618
622
622
622
622
664
665
668
613
613
613
619
619
619
663
614
614
614
620
620
620
665
613
613
613
621
621
621
663
614
614
614
622
622
622
665
609
609
609
609
615
615
615
623
623
623
661
664
610
610
610
610
616
616
616
624
624
624
661
664
611
611
611
611
617
617
617
625
625
625
664
666
667
612
612
612
612
618
618
618
626
626
626
664
667
668
610
610
610
610
623
623
623
629
629
629
661
664
624
624
624
629
629
629
661
664
612
612
612
612
625
625
625
630
630
630
664
667
626
626
626
630
630
630
664
667
619
619
619
619
621
621
621
621
627
627
627
663
664
620
620
620
620
622
622
622
622
628
628
628
664
665
619
619
619
623
623
623
631
631
631
664
620
620
620
624
624
624
632
632
632
664
621
621
621
625
625
625
633
633
633
664
622
622
622
626
626
626
634
634
634
664
627
627
627
631
631
631
663
664
628
628
628
632
632
632
664
665
627
627
627
633
633
633
663
664
628
628
628
634
634
634
664
665
629
629
629
631
631
631
635
635
635
664
629
629
629
632
632
632
636
636
636
664
630
630
630
633
633
633
637
637
637
664
630
630
630
634
634
634
638
638
638
664
631
631
631
633
633
633
639
639
639
664
632
632
632
634
634
634
640
640
640
664
635
635
635
636
636
636
664
637
637
637
638
638
638
664
635
635
635
639
639
639
664
636
636
636
640
640
640
664
637
637
637
639
639
639
664
638
638
638
640
640
640
664
636
636
636
639
639
639
641
641
641
664
640
640
640
641
641
641
664
638
638
638
639
639
639
641
641
641
664
640
640
640
641
641
641
664
641
641
641
664
641
641
641
664
664
643
645
646
651
652
654
655
644
646
652
655
646
647
652
653
655
656
646
648
654
655
647
648
649
650
655
650
655
656
649
654
655
657
658
650
655
658
655
656
658
659
652
654
655
660
661
663
653
655
661
662
655
656
662
655
657
660
663
666
656
657
658
659
660
661
662
663
664
665
666
667
668
659
662
665
668
658
666
659
666
667
668
668
661
663
664
662
663
664
664
665
664
666
665
666
667
668
668
667
668
)

// ************************************************************************* //
