/*--------------------------------*- C++ -*----------------------------------*\
  =========                 |
  \\      /  F ield         | OpenFOAM: The Open Source CFD Toolbox
   \\    /   O peration     |
    \\  /    A nd           | Version: 13
     \\/     M anipulation  |
\*---------------------------------------------------------------------------*/
FoamFile
{
    version     2.0;
    format      ascii;
    class       vectorField;
    location    "constant/polyMesh";
    object      points;
}
// * * * * * * * * * * * * * * * * * * * * * * * * * * * * * * * * * * * * //
512
(
(-1.1497414112091064 -0.024384785443544388 0)
(-1.1497414112091064 0.024384785443544388 0)
(-1.1010043621063232 -0.3320983350276947 0)
(-1.1010043621063232 0.3320983350276947 0)
(-1.0859338045120239 -0.3784809410572052 0)
(-1.0859338045120239 0.3784809410572052 0)
(-0.99910074472427368 -0.042398788034915924 0)
(-0.99910074472427368 0.042398788034915924 0)
(-0.96330326795578003 -0.26841548085212708 0)
(-0.96330326795578003 0.26841548085212708 0)
(-0.94449335336685181 -0.65607333183288574 0)
(-0.94449335336685181 0.65607333183288574 0)
(-0.93709933757781982 -0.34906277060508728 0)
(-0.93709933757781982 0.34906277060508728 0)
(-0.91582733392715454 -0.69552874565124512 0)
(-0.91582733392715454 0.69552874565124512 0)
(-0.87671792507171631 -0.075932003557682037 0)
(-0.87671792507171631 0.075932003557682037 0)
(-0.85727256536483765 -0.19870512187480927 0)
(-0.85727256536483765 0.19870512187480927 0)
(-0.83321088552474976 -0.55295532941818237 0)
(-0.83321088552474976 0.55295532941818237 0)
(-0.81034404039382935 -0.34313637018203735 0)
(-0.81034404039382935 0.34313637018203735 0)
(-0.78336811065673828 -0.62155801057815552 0)
(-0.78336811065673828 0.62155801057815552 0)
(-0.75391143560409546 -0.45389160513877869 0)
(-0.75391143560409546 0.45389160513877869 0)
(-0.69552874565124512 -0.91582733392715454 0)
(-0.69552874565124512 0.91582733392715454 0)
(-0.66464799642562866 -0.57675212621688843 0)
(-0.66464799642562866 0.57675212621688843 0)
(-0.65607333183288574 -0.94449335336685181 0)
(-0.65607333183288574 0.94449335336685181 0)
(-0.62155801057815552 -0.78336811065673828 0)
(-0.62155801057815552 0.78336811065673828 0)
(-0.57675212621688843 -0.66464799642562866 0)
(-0.57675212621688843 0.66464799642562866 0)
(-0.55295532941818237 -0.83321088552474976 0)
(-0.55295532941818237 0.83321088552474976 0)
(-0.45389160513877869 -0.75391143560409546 0)
(-0.45389160513877869 0.75391143560409546 0)
(-0.43355339765548706 -0.35355338454246521 0)
(-0.43355339765548706 0.35355338454246521 0)
(-0.43082746863365173 -0.37425890564918518 0)
(-0.43082746863365173 -0.33284786343574524 0)
(-0.43082746863365173 0.33284786343574524 0)
(-0.43082746863365173 0.37425890564918518 0)
(-0.42283540964126587 -0.39355337619781494 0)
(-0.42283540964126587 -0.31355339288711548 0)
(-0.42283540964126587 0.31355339288711548 0)
(-0.42283540964126587 0.39355337619781494 0)
(-0.41012194752693176 -0.41012194752693176 0)
(-0.41012194752693176 -0.29698485136032104 0)
(-0.41012194752693176 0.29698485136032104 0)
(-0.41012194752693176 0.41012194752693176 0)
(-0.39355337619781494 -0.42283540964126587 0)
(-0.39355337619781494 -0.28427135944366455 0)
(-0.39355337619781494 0.28427135944366455 0)
(-0.39355337619781494 0.42283540964126587 0)
(-0.3784809410572052 -1.0859338045120239 0)
(-0.3784809410572052 1.0859338045120239 0)
(-0.37425890564918518 -0.43082746863365173 0)
(-0.37425890564918518 -0.27627933025360107 0)
(-0.37425890564918518 0.27627933025360107 0)
(-0.37425890564918518 0.43082746863365173 0)
(-0.35355338454246521 -0.43355339765548706 0)
(-0.35355338454246521 -0.27355340123176575 0)
(-0.35355338454246521 0.27355340123176575 0)
(-0.35355338454246521 0.43355339765548706 0)
(-0.34906277060508728 -0.93709933757781982 0)
(-0.34906277060508728 0.93709933757781982 0)
(-0.34313637018203735 -0.81034404039382935 0)
(-0.34313637018203735 0.81034404039382935 0)
(-0.33284786343574524 -0.43082746863365173 0)
(-0.33284786343574524 -0.27627933025360107 0)
(-0.33284786343574524 0.27627933025360107 0)
(-0.33284786343574524 0.43082746863365173 0)
(-0.3320983350276947 -1.1010043621063232 0)
(-0.3320983350276947 1.1010043621063232 0)
(-0.31355339288711548 -0.42283540964126587 0)
(-0.31355339288711548 -0.28427135944366455 0)
(-0.31355339288711548 0.28427135944366455 0)
(-0.31355339288711548 0.42283540964126587 0)
(-0.29698485136032104 -0.41012194752693176 0)
(-0.29698485136032104 -0.29698485136032104 0)
(-0.29698485136032104 0.29698485136032104 0)
(-0.29698485136032104 0.41012194752693176 0)
(-0.28427135944366455 -0.39355337619781494 0)
(-0.28427135944366455 -0.31355339288711548 0)
(-0.28427135944366455 0.31355339288711548 0)
(-0.28427135944366455 0.39355337619781494 0)
(-0.27627933025360107 -0.37425890564918518 0)
(-0.27627933025360107 -0.33284786343574524 0)
(-0.27627933025360107 0.33284786343574524 0)
(-0.27627933025360107 0.37425890564918518 0)
(-0.27355340123176575 -0.35355338454246521 0)
(-0.27355340123176575 0.35355338454246521 0)
(-0.26841548085212708 -0.96330326795578003 0)
(-0.26841548085212708 0.96330326795578003 0)
(-0.19870512187480927 -0.85727256536483765 0)
(-0.19870512187480927 0.85727256536483765 0)
(-0.18000000715255737 -2.2043642023044041e-17 0)
(-0.17778390645980835 -0.028158204630017281 0)
(-0.17778390645980835 0.028158204630017281 0)
(-0.17119017243385315 -0.05562305822968483 0)
(-0.17119017243385315 0.05562305822968483 0)
(-0.16038116812705994 -0.081718288362026215 0)
(-0.16038116812705994 0.081718288362026215 0)
(-0.14562305808067322 -0.10580134391784668 0)
(-0.14562305808067322 0.10580134391784668 0)
(-0.12727922201156616 -0.12727922201156616 0)
(-0.12727922201156616 0.12727922201156616 0)
(-0.10580134391784668 -0.14562305808067322 0)
(-0.10580134391784668 0.14562305808067322 0)
(-0.081718288362026215 -0.16038116812705994 0)
(-0.081718288362026215 0.16038116812705994 0)
(-0.075932003557682037 -0.87671792507171631 0)
(-0.075932003557682037 0.87671792507171631 0)
(-0.05562305822968483 -0.17119017243385315 0)
(-0.05562305822968483 0.17119017243385315 0)
(-0.042398788034915924 -0.99910074472427368 0)
(-0.042398788034915924 0.99910074472427368 0)
(-0.028158204630017281 -0.17778390645980835 0)
(-0.028158204630017281 0.17778390645980835 0)
(-0.024384785443544388 -1.1497414112091064 0)
(-0.024384785443544388 1.1497414112091064 0)
(1.1021821011522021e-17 -0.18000000715255737 0)
(-3.3065463034566062e-17 0.18000000715255737 0)
(0.024384785443544388 -1.1497414112091064 0)
(0.024384785443544388 1.1497414112091064 0)
(0.028158204630017281 -0.17778390645980835 0)
(0.028158204630017281 0.17778390645980835 0)
(0.042398788034915924 -0.99910074472427368 0)
(0.042398788034915924 0.99910074472427368 0)
(0.05562305822968483 -0.17119017243385315 0)
(0.05562305822968483 0.17119017243385315 0)
(0.075932003557682037 -0.87671792507171631 0)
(0.075932003557682037 0.87671792507171631 0)
(0.081718288362026215 -0.16038116812705994 0)
(0.081718288362026215 0.16038116812705994 0)
(0.10580134391784668 -0.14562305808067322 0)
(0.10580134391784668 0.14562305808067322 0)
(0.12727922201156616 -0.12727922201156616 0)
(0.12727922201156616 0.12727922201156616 0)
(0.14562305808067322 -0.10580134391784668 0)
(0.14562305808067322 0.10580134391784668 0)
(0.16038116812705994 -0.081718288362026215 0)
(0.16038116812705994 0.081718288362026215 0)
(0.17119017243385315 -0.05562305822968483 0)
(0.17119017243385315 0.05562305822968483 0)
(0.17778390645980835 -0.028158204630017281 0)
(0.17778390645980835 0.028158204630017281 0)
(0.18000000715255737 0 0)
(0.19870512187480927 -0.85727256536483765 0)
(0.19870512187480927 0.85727256536483765 0)
(0.26841548085212708 -0.96330326795578003 0)
(0.26841548085212708 0.96330326795578003 0)
(0.27355340123176575 -0.35355338454246521 0)
(0.27355340123176575 0.35355338454246521 0)
(0.27627933025360107 -0.37425890564918518 0)
(0.27627933025360107 -0.33284786343574524 0)
(0.27627933025360107 0.33284786343574524 0)
(0.27627933025360107 0.37425890564918518 0)
(0.28427135944366455 -0.39355337619781494 0)
(0.28427135944366455 -0.31355339288711548 0)
(0.28427135944366455 0.31355339288711548 0)
(0.28427135944366455 0.39355337619781494 0)
(0.29698485136032104 -0.41012194752693176 0)
(0.29698485136032104 -0.29698485136032104 0)
(0.29698485136032104 0.29698485136032104 0)
(0.29698485136032104 0.41012194752693176 0)
(0.31355339288711548 -0.42283540964126587 0)
(0.31355339288711548 -0.28427135944366455 0)
(0.31355339288711548 0.28427135944366455 0)
(0.31355339288711548 0.42283540964126587 0)
(0.3320983350276947 -1.1010043621063232 0)
(0.3320983350276947 1.1010043621063232 0)
(0.33284786343574524 -0.43082746863365173 0)
(0.33284786343574524 -0.27627933025360107 0)
(0.33284786343574524 0.27627933025360107 0)
(0.33284786343574524 0.43082746863365173 0)
(0.34313637018203735 -0.81034404039382935 0)
(0.34313637018203735 0.81034404039382935 0)
(0.34906277060508728 -0.93709933757781982 0)
(0.34906277060508728 0.93709933757781982 0)
(0.35355338454246521 -0.43355339765548706 0)
(0.35355338454246521 -0.27355340123176575 0)
(0.35355338454246521 0.27355340123176575 0)
(0.35355338454246521 0.43355339765548706 0)
(0.37425890564918518 -0.43082746863365173 0)
(0.37425890564918518 -0.27627933025360107 0)
(0.37425890564918518 0.27627933025360107 0)
(0.37425890564918518 0.43082746863365173 0)
(0.3784809410572052 -1.0859338045120239 0)
(0.3784809410572052 1.0859338045120239 0)
(0.39355337619781494 -0.42283540964126587 0)
(0.39355337619781494 -0.28427135944366455 0)
(0.39355337619781494 0.28427135944366455 0)
(0.39355337619781494 0.42283540964126587 0)
(0.41012194752693176 -0.41012194752693176 0)
(0.41012194752693176 -0.29698485136032104 0)
(0.41012194752693176 0.29698485136032104 0)
(0.41012194752693176 0.41012194752693176 0)
(0.42283540964126587 -0.39355337619781494 0)
(0.42283540964126587 -0.31355339288711548 0)
(0.42283540964126587 0.31355339288711548 0)
(0.42283540964126587 0.39355337619781494 0)
(0.43082746863365173 -0.37425890564918518 0)
(0.43082746863365173 -0.33284786343574524 0)
(0.43082746863365173 0.33284786343574524 0)
(0.43082746863365173 0.37425890564918518 0)
(0.43355339765548706 -0.35355338454246521 0)
(0.43355339765548706 0.35355338454246521 0)
(0.45389160513877869 -0.75391143560409546 0)
(0.45389160513877869 0.75391143560409546 0)
(0.55295532941818237 -0.83321088552474976 0)
(0.55295532941818237 0.83321088552474976 0)
(0.57675212621688843 -0.66464799642562866 0)
(0.57675212621688843 0.66464799642562866 0)
(0.62155801057815552 -0.78336811065673828 0)
(0.62155801057815552 0.78336811065673828 0)
(0.65607333183288574 -0.94449335336685181 0)
(0.65607333183288574 0.94449335336685181 0)
(0.66464799642562866 -0.57675212621688843 0)
(0.66464799642562866 0.57675212621688843 0)
(0.69552874565124512 -0.91582733392715454 0)
(0.69552874565124512 0.91582733392715454 0)
(0.75391143560409546 -0.45389160513877869 0)
(0.75391143560409546 0.45389160513877869 0)
(0.78336811065673828 -0.62155801057815552 0)
(0.78336811065673828 0.62155801057815552 0)
(0.81034404039382935 -0.34313637018203735 0)
(0.81034404039382935 0.34313637018203735 0)
(0.83321088552474976 -0.55295532941818237 0)
(0.83321088552474976 0.55295532941818237 0)
(0.85727256536483765 -0.19870512187480927 0)
(0.85727256536483765 0.19870512187480927 0)
(0.87671792507171631 -0.075932003557682037 0)
(0.87671792507171631 0.075932003557682037 0)
(0.91582733392715454 -0.69552874565124512 0)
(0.91582733392715454 0.69552874565124512 0)
(0.93709933757781982 -0.34906277060508728 0)
(0.93709933757781982 0.34906277060508728 0)
(0.94449335336685181 -0.65607333183288574 0)
(0.94449335336685181 0.65607333183288574 0)
(0.96330326795578003 -0.26841548085212708 0)
(0.96330326795578003 0.26841548085212708 0)
(0.99910074472427368 -0.042398788034915924 0)
(0.99910074472427368 0.042398788034915924 0)
(1.0859338045120239 -0.3784809410572052 0)
(1.0859338045120239 0.3784809410572052 0)
(1.1010043621063232 -0.3320983350276947 0)
(1.1010043621063232 0.3320983350276947 0)
(1.1497414112091064 -0.024384785443544388 0)
(1.1497414112091064 0.024384785443544388 0)
(-1.1497414112091064 -0.024384785443544388 0.30000001192092896)
(-1.1497414112091064 0.024384785443544388 0.30000001192092896)
(-1.1010043621063232 -0.3320983350276947 0.30000001192092896)
(-1.1010043621063232 0.3320983350276947 0.30000001192092896)
(-1.0859338045120239 -0.3784809410572052 0.30000001192092896)
(-1.0859338045120239 0.3784809410572052 0.30000001192092896)
(-0.99910074472427368 -0.042398788034915924 0.30000001192092896)
(-0.99910074472427368 0.042398788034915924 0.30000001192092896)
(-0.96330326795578003 -0.26841548085212708 0.30000001192092896)
(-0.96330326795578003 0.26841548085212708 0.30000001192092896)
(-0.94449335336685181 -0.65607333183288574 0.30000001192092896)
(-0.94449335336685181 0.65607333183288574 0.30000001192092896)
(-0.93709933757781982 -0.34906277060508728 0.30000001192092896)
(-0.93709933757781982 0.34906277060508728 0.30000001192092896)
(-0.91582733392715454 -0.69552874565124512 0.30000001192092896)
(-0.91582733392715454 0.69552874565124512 0.30000001192092896)
(-0.87671792507171631 -0.075932003557682037 0.30000001192092896)
(-0.87671792507171631 0.075932003557682037 0.30000001192092896)
(-0.85727256536483765 -0.19870512187480927 0.30000001192092896)
(-0.85727256536483765 0.19870512187480927 0.30000001192092896)
(-0.83321088552474976 -0.55295532941818237 0.30000001192092896)
(-0.83321088552474976 0.55295532941818237 0.30000001192092896)
(-0.81034404039382935 -0.34313637018203735 0.30000001192092896)
(-0.81034404039382935 0.34313637018203735 0.30000001192092896)
(-0.78336811065673828 -0.62155801057815552 0.30000001192092896)
(-0.78336811065673828 0.62155801057815552 0.30000001192092896)
(-0.75391143560409546 -0.45389160513877869 0.30000001192092896)
(-0.75391143560409546 0.45389160513877869 0.30000001192092896)
(-0.69552874565124512 -0.91582733392715454 0.30000001192092896)
(-0.69552874565124512 0.91582733392715454 0.30000001192092896)
(-0.66464799642562866 -0.57675212621688843 0.30000001192092896)
(-0.66464799642562866 0.57675212621688843 0.30000001192092896)
(-0.65607333183288574 -0.94449335336685181 0.30000001192092896)
(-0.65607333183288574 0.94449335336685181 0.30000001192092896)
(-0.62155801057815552 -0.78336811065673828 0.30000001192092896)
(-0.62155801057815552 0.78336811065673828 0.30000001192092896)
(-0.57675212621688843 -0.66464799642562866 0.30000001192092896)
(-0.57675212621688843 0.66464799642562866 0.30000001192092896)
(-0.55295532941818237 -0.83321088552474976 0.30000001192092896)
(-0.55295532941818237 0.83321088552474976 0.30000001192092896)
(-0.45389160513877869 -0.75391143560409546 0.30000001192092896)
(-0.45389160513877869 0.75391143560409546 0.30000001192092896)
(-0.43355339765548706 -0.35355338454246521 0.30000001192092896)
(-0.43355339765548706 0.35355338454246521 0.30000001192092896)
(-0.43082746863365173 -0.37425890564918518 0.30000001192092896)
(-0.43082746863365173 -0.33284786343574524 0.30000001192092896)
(-0.43082746863365173 0.33284786343574524 0.30000001192092896)
(-0.43082746863365173 0.37425890564918518 0.30000001192092896)
(-0.42283540964126587 -0.39355337619781494 0.30000001192092896)
(-0.42283540964126587 -0.31355339288711548 0.30000001192092896)
(-0.42283540964126587 0.31355339288711548 0.30000001192092896)
(-0.42283540964126587 0.39355337619781494 0.30000001192092896)
(-0.41012194752693176 -0.41012194752693176 0.30000001192092896)
(-0.41012194752693176 -0.29698485136032104 0.30000001192092896)
(-0.41012194752693176 0.29698485136032104 0.30000001192092896)
(-0.41012194752693176 0.41012194752693176 0.30000001192092896)
(-0.39355337619781494 -0.42283540964126587 0.30000001192092896)
(-0.39355337619781494 -0.28427135944366455 0.30000001192092896)
(-0.39355337619781494 0.28427135944366455 0.30000001192092896)
(-0.39355337619781494 0.42283540964126587 0.30000001192092896)
(-0.3784809410572052 -1.0859338045120239 0.30000001192092896)
(-0.3784809410572052 1.0859338045120239 0.30000001192092896)
(-0.37425890564918518 -0.43082746863365173 0.30000001192092896)
(-0.37425890564918518 -0.27627933025360107 0.30000001192092896)
(-0.37425890564918518 0.27627933025360107 0.30000001192092896)
(-0.37425890564918518 0.43082746863365173 0.30000001192092896)
(-0.35355338454246521 -0.43355339765548706 0.30000001192092896)
(-0.35355338454246521 -0.27355340123176575 0.30000001192092896)
(-0.35355338454246521 0.27355340123176575 0.30000001192092896)
(-0.35355338454246521 0.43355339765548706 0.30000001192092896)
(-0.34906277060508728 -0.93709933757781982 0.30000001192092896)
(-0.34906277060508728 0.93709933757781982 0.30000001192092896)
(-0.34313637018203735 -0.81034404039382935 0.30000001192092896)
(-0.34313637018203735 0.81034404039382935 0.30000001192092896)
(-0.33284786343574524 -0.43082746863365173 0.30000001192092896)
(-0.33284786343574524 -0.27627933025360107 0.30000001192092896)
(-0.33284786343574524 0.27627933025360107 0.30000001192092896)
(-0.33284786343574524 0.43082746863365173 0.30000001192092896)
(-0.3320983350276947 -1.1010043621063232 0.30000001192092896)
(-0.3320983350276947 1.1010043621063232 0.30000001192092896)
(-0.31355339288711548 -0.42283540964126587 0.30000001192092896)
(-0.31355339288711548 -0.28427135944366455 0.30000001192092896)
(-0.31355339288711548 0.28427135944366455 0.30000001192092896)
(-0.31355339288711548 0.42283540964126587 0.30000001192092896)
(-0.29698485136032104 -0.41012194752693176 0.30000001192092896)
(-0.29698485136032104 -0.29698485136032104 0.30000001192092896)
(-0.29698485136032104 0.29698485136032104 0.30000001192092896)
(-0.29698485136032104 0.41012194752693176 0.30000001192092896)
(-0.28427135944366455 -0.39355337619781494 0.30000001192092896)
(-0.28427135944366455 -0.31355339288711548 0.30000001192092896)
(-0.28427135944366455 0.31355339288711548 0.30000001192092896)
(-0.28427135944366455 0.39355337619781494 0.30000001192092896)
(-0.27627933025360107 -0.37425890564918518 0.30000001192092896)
(-0.27627933025360107 -0.33284786343574524 0.30000001192092896)
(-0.27627933025360107 0.33284786343574524 0.30000001192092896)
(-0.27627933025360107 0.37425890564918518 0.30000001192092896)
(-0.27355340123176575 -0.35355338454246521 0.30000001192092896)
(-0.27355340123176575 0.35355338454246521 0.30000001192092896)
(-0.26841548085212708 -0.96330326795578003 0.30000001192092896)
(-0.26841548085212708 0.96330326795578003 0.30000001192092896)
(-0.19870512187480927 -0.85727256536483765 0.30000001192092896)
(-0.19870512187480927 0.85727256536483765 0.30000001192092896)
(-0.18000000715255737 -2.2043642023044041e-17 0.30000001192092896)
(-0.17778390645980835 -0.028158204630017281 0.30000001192092896)
(-0.17778390645980835 0.028158204630017281 0.30000001192092896)
(-0.17119017243385315 -0.05562305822968483 0.30000001192092896)
(-0.17119017243385315 0.05562305822968483 0.30000001192092896)
(-0.16038116812705994 -0.081718288362026215 0.30000001192092896)
(-0.16038116812705994 0.081718288362026215 0.30000001192092896)
(-0.14562305808067322 -0.10580134391784668 0.30000001192092896)
(-0.14562305808067322 0.10580134391784668 0.30000001192092896)
(-0.12727922201156616 -0.12727922201156616 0.30000001192092896)
(-0.12727922201156616 0.12727922201156616 0.30000001192092896)
(-0.10580134391784668 -0.14562305808067322 0.30000001192092896)
(-0.10580134391784668 0.14562305808067322 0.30000001192092896)
(-0.081718288362026215 -0.16038116812705994 0.30000001192092896)
(-0.081718288362026215 0.16038116812705994 0.30000001192092896)
(-0.075932003557682037 -0.87671792507171631 0.30000001192092896)
(-0.075932003557682037 0.87671792507171631 0.30000001192092896)
(-0.05562305822968483 -0.17119017243385315 0.30000001192092896)
(-0.05562305822968483 0.17119017243385315 0.30000001192092896)
(-0.042398788034915924 -0.99910074472427368 0.30000001192092896)
(-0.042398788034915924 0.99910074472427368 0.30000001192092896)
(-0.028158204630017281 -0.17778390645980835 0.30000001192092896)
(-0.028158204630017281 0.17778390645980835 0.30000001192092896)
(-0.024384785443544388 -1.1497414112091064 0.30000001192092896)
(-0.024384785443544388 1.1497414112091064 0.30000001192092896)
(1.1021821011522021e-17 -0.18000000715255737 0.30000001192092896)
(-3.3065463034566062e-17 0.18000000715255737 0.30000001192092896)
(0.024384785443544388 -1.1497414112091064 0.30000001192092896)
(0.024384785443544388 1.1497414112091064 0.30000001192092896)
(0.028158204630017281 -0.17778390645980835 0.30000001192092896)
(0.028158204630017281 0.17778390645980835 0.30000001192092896)
(0.042398788034915924 -0.99910074472427368 0.30000001192092896)
(0.042398788034915924 0.99910074472427368 0.30000001192092896)
(0.05562305822968483 -0.17119017243385315 0.30000001192092896)
(0.05562305822968483 0.17119017243385315 0.30000001192092896)
(0.075932003557682037 -0.87671792507171631 0.30000001192092896)
(0.075932003557682037 0.87671792507171631 0.30000001192092896)
(0.081718288362026215 -0.16038116812705994 0.30000001192092896)
(0.081718288362026215 0.16038116812705994 0.30000001192092896)
(0.10580134391784668 -0.14562305808067322 0.30000001192092896)
(0.10580134391784668 0.14562305808067322 0.30000001192092896)
(0.12727922201156616 -0.12727922201156616 0.30000001192092896)
(0.12727922201156616 0.12727922201156616 0.30000001192092896)
(0.14562305808067322 -0.10580134391784668 0.30000001192092896)
(0.14562305808067322 0.10580134391784668 0.30000001192092896)
(0.16038116812705994 -0.081718288362026215 0.30000001192092896)
(0.16038116812705994 0.081718288362026215 0.30000001192092896)
(0.17119017243385315 -0.05562305822968483 0.30000001192092896)
(0.17119017243385315 0.05562305822968483 0.30000001192092896)
(0.17778390645980835 -0.028158204630017281 0.30000001192092896)
(0.17778390645980835 0.028158204630017281 0.30000001192092896)
(0.18000000715255737 0 0.30000001192092896)
(0.19870512187480927 -0.85727256536483765 0.30000001192092896)
(0.19870512187480927 0.85727256536483765 0.30000001192092896)
(0.26841548085212708 -0.96330326795578003 0.30000001192092896)
(0.26841548085212708 0.96330326795578003 0.30000001192092896)
(0.27355340123176575 -0.35355338454246521 0.30000001192092896)
(0.27355340123176575 0.35355338454246521 0.30000001192092896)
(0.27627933025360107 -0.37425890564918518 0.30000001192092896)
(0.27627933025360107 -0.33284786343574524 0.30000001192092896)
(0.27627933025360107 0.33284786343574524 0.30000001192092896)
(0.27627933025360107 0.37425890564918518 0.30000001192092896)
(0.28427135944366455 -0.39355337619781494 0.30000001192092896)
(0.28427135944366455 -0.31355339288711548 0.30000001192092896)
(0.28427135944366455 0.31355339288711548 0.30000001192092896)
(0.28427135944366455 0.39355337619781494 0.30000001192092896)
(0.29698485136032104 -0.41012194752693176 0.30000001192092896)
(0.29698485136032104 -0.29698485136032104 0.30000001192092896)
(0.29698485136032104 0.29698485136032104 0.30000001192092896)
(0.29698485136032104 0.41012194752693176 0.30000001192092896)
(0.31355339288711548 -0.42283540964126587 0.30000001192092896)
(0.31355339288711548 -0.28427135944366455 0.30000001192092896)
(0.31355339288711548 0.28427135944366455 0.30000001192092896)
(0.31355339288711548 0.42283540964126587 0.30000001192092896)
(0.3320983350276947 -1.1010043621063232 0.30000001192092896)
(0.3320983350276947 1.1010043621063232 0.30000001192092896)
(0.33284786343574524 -0.43082746863365173 0.30000001192092896)
(0.33284786343574524 -0.27627933025360107 0.30000001192092896)
(0.33284786343574524 0.27627933025360107 0.30000001192092896)
(0.33284786343574524 0.43082746863365173 0.30000001192092896)
(0.34313637018203735 -0.81034404039382935 0.30000001192092896)
(0.34313637018203735 0.81034404039382935 0.30000001192092896)
(0.34906277060508728 -0.93709933757781982 0.30000001192092896)
(0.34906277060508728 0.93709933757781982 0.30000001192092896)
(0.35355338454246521 -0.43355339765548706 0.30000001192092896)
(0.35355338454246521 -0.27355340123176575 0.30000001192092896)
(0.35355338454246521 0.27355340123176575 0.30000001192092896)
(0.35355338454246521 0.43355339765548706 0.30000001192092896)
(0.37425890564918518 -0.43082746863365173 0.30000001192092896)
(0.37425890564918518 -0.27627933025360107 0.30000001192092896)
(0.37425890564918518 0.27627933025360107 0.30000001192092896)
(0.37425890564918518 0.43082746863365173 0.30000001192092896)
(0.3784809410572052 -1.0859338045120239 0.30000001192092896)
(0.3784809410572052 1.0859338045120239 0.30000001192092896)
(0.39355337619781494 -0.42283540964126587 0.30000001192092896)
(0.39355337619781494 -0.28427135944366455 0.30000001192092896)
(0.39355337619781494 0.28427135944366455 0.30000001192092896)
(0.39355337619781494 0.42283540964126587 0.30000001192092896)
(0.41012194752693176 -0.41012194752693176 0.30000001192092896)
(0.41012194752693176 -0.29698485136032104 0.30000001192092896)
(0.41012194752693176 0.29698485136032104 0.30000001192092896)
(0.41012194752693176 0.41012194752693176 0.30000001192092896)
(0.42283540964126587 -0.39355337619781494 0.30000001192092896)
(0.42283540964126587 -0.31355339288711548 0.30000001192092896)
(0.42283540964126587 0.31355339288711548 0.30000001192092896)
(0.42283540964126587 0.39355337619781494 0.30000001192092896)
(0.43082746863365173 -0.37425890564918518 0.30000001192092896)
(0.43082746863365173 -0.33284786343574524 0.30000001192092896)
(0.43082746863365173 0.33284786343574524 0.30000001192092896)
(0.43082746863365173 0.37425890564918518 0.30000001192092896)
(0.43355339765548706 -0.35355338454246521 0.30000001192092896)
(0.43355339765548706 0.35355338454246521 0.30000001192092896)
(0.45389160513877869 -0.75391143560409546 0.30000001192092896)
(0.45389160513877869 0.75391143560409546 0.30000001192092896)
(0.55295532941818237 -0.83321088552474976 0.30000001192092896)
(0.55295532941818237 0.83321088552474976 0.30000001192092896)
(0.57675212621688843 -0.66464799642562866 0.30000001192092896)
(0.57675212621688843 0.66464799642562866 0.30000001192092896)
(0.62155801057815552 -0.78336811065673828 0.30000001192092896)
(0.62155801057815552 0.78336811065673828 0.30000001192092896)
(0.65607333183288574 -0.94449335336685181 0.30000001192092896)
(0.65607333183288574 0.94449335336685181 0.30000001192092896)
(0.66464799642562866 -0.57675212621688843 0.30000001192092896)
(0.66464799642562866 0.57675212621688843 0.30000001192092896)
(0.69552874565124512 -0.91582733392715454 0.30000001192092896)
(0.69552874565124512 0.91582733392715454 0.30000001192092896)
(0.75391143560409546 -0.45389160513877869 0.30000001192092896)
(0.75391143560409546 0.45389160513877869 0.30000001192092896)
(0.78336811065673828 -0.62155801057815552 0.30000001192092896)
(0.78336811065673828 0.62155801057815552 0.30000001192092896)
(0.81034404039382935 -0.34313637018203735 0.30000001192092896)
(0.81034404039382935 0.34313637018203735 0.30000001192092896)
(0.83321088552474976 -0.55295532941818237 0.30000001192092896)
(0.83321088552474976 0.55295532941818237 0.30000001192092896)
(0.85727256536483765 -0.19870512187480927 0.30000001192092896)
(0.85727256536483765 0.19870512187480927 0.30000001192092896)
(0.87671792507171631 -0.075932003557682037 0.30000001192092896)
(0.87671792507171631 0.075932003557682037 0.30000001192092896)
(0.91582733392715454 -0.69552874565124512 0.30000001192092896)
(0.91582733392715454 0.69552874565124512 0.30000001192092896)
(0.93709933757781982 -0.34906277060508728 0.30000001192092896)
(0.93709933757781982 0.34906277060508728 0.30000001192092896)
(0.94449335336685181 -0.65607333183288574 0.30000001192092896)
(0.94449335336685181 0.65607333183288574 0.30000001192092896)
(0.96330326795578003 -0.26841548085212708 0.30000001192092896)
(0.96330326795578003 0.26841548085212708 0.30000001192092896)
(0.99910074472427368 -0.042398788034915924 0.30000001192092896)
(0.99910074472427368 0.042398788034915924 0.30000001192092896)
(1.0859338045120239 -0.3784809410572052 0.30000001192092896)
(1.0859338045120239 0.3784809410572052 0.30000001192092896)
(1.1010043621063232 -0.3320983350276947 0.30000001192092896)
(1.1010043621063232 0.3320983350276947 0.30000001192092896)
(1.1497414112091064 -0.024384785443544388 0.30000001192092896)
(1.1497414112091064 0.024384785443544388 0.30000001192092896)
)

// ************************************************************************* //
