/*--------------------------------*- C++ -*----------------------------------*\
  =========                 |
  \\      /  F ield         | OpenFOAM: The Open Source CFD Toolbox
   \\    /   O peration     |
    \\  /    A nd           | Version: 13
     \\/     M anipulation  |
\*---------------------------------------------------------------------------*/
FoamFile
{
    version     2.0;
    format      ascii;
    class       vectorField;
    location    "constant/polyMesh";
    object      points;
}
// * * * * * * * * * * * * * * * * * * * * * * * * * * * * * * * * * * * * //
116
(
(0 -0.450447749 -0.450447749)
(-0.450447749 0 -0.450447749)
(-0.450447749 -0.450447749 0)
(-0.274161635 -0.274161635 -0.274161635)
(-0.0741319444 -0.0741319444 -0.0741319444)
(0.450447749 0 -0.450447749)
(0.274161635 -0.274161635 -0.274161635)
(0.0741319444 -0.0741319444 -0.0741319444)
(0.450447749 -0.450447749 0)
(-0.450447749 0.450447749 0)
(-0.274161635 0.274161635 -0.274161635)
(-0.0741319444 0.0741319444 -0.0741319444)
(0 0.450447749 -0.450447749)
(0.450447749 0.450447749 0)
(0.0741319444 0.0741319444 -0.0741319444)
(0.274161635 0.274161635 -0.274161635)
(-0.450447749 0 0.450447749)
(-0.274161635 -0.274161635 0.274161635)
(-0.0741319444 -0.0741319444 0.0741319444)
(-0.0741319444 0.0741319444 0.0741319444)
(-0.274161635 0.274161635 0.274161635)
(0 -0.450447749 0.450447749)
(0 0.450447749 0.450447749)
(0.450447749 0 0.450447749)
(0.0741319444 -0.0741319444 0.0741319444)
(0.274161635 -0.274161635 0.274161635)
(0.0741319444 0.0741319444 0.0741319444)
(0.274161635 0.274161635 0.274161635)
(-0.114562646 0.114562646 -0.5)
(0.114562646 -0.114562646 -0.5)
(-0.114562646 -0.5 0.114562646)
(0.114562646 -0.5 -0.114562646)
(-0.5 -0.114562646 0.114562646)
(-0.5 0.114562646 -0.114562646)
(0.5 0.114562646 -0.114562646)
(0.5 -0.114562646 0.114562646)
(0.114562646 0.5 -0.114562646)
(-0.114562646 0.5 0.114562646)
(0.114562646 -0.114562646 0.5)
(-0.114562646 0.114562646 0.5)
(-0.166666667 0.166666667 -0.243296595)
(0.166666667 -0.166666667 -0.243296595)
(-0.166666667 -0.243296595 0.166666667)
(0.166666667 -0.243296595 -0.166666667)
(-0.243296595 -0.166666667 0.166666667)
(-0.243296595 0.166666667 -0.166666667)
(0.243296595 0.166666667 -0.166666667)
(0.243296595 -0.166666667 0.166666667)
(0.166666667 0.243296595 -0.166666667)
(-0.166666667 0.243296595 0.166666667)
(0.166666667 -0.166666667 0.243296595)
(-0.166666667 0.166666667 0.243296595)
(-0.409241641 -0.409241641 0)
(0 -0.409241641 -0.409241641)
(0 0.243296595 0)
(0 -0.409241641 0.409241641)
(0 0.409241641 0.409241641)
(0.409241641 0 -0.409241641)
(-0.243296595 0 0)
(0.409241641 0 0.409241641)
(0 0 -0.243296595)
(-0.409241641 0.409241641 0)
(0.409241641 0.409241641 0)
(-0.409241641 0 -0.409241641)
(0.409241641 -0.409241641 0)
(0 0.409241641 -0.409241641)
(0 0 0.243296595)
(0 -0.243296595 0)
(-0.409241641 0 0.409241641)
(0.243296595 0 0)
(-0.42589611 -0.42589611 -0.42589611)
(-0.42589611 -0.42589611 0.42589611)
(-0.42589611 0.42589611 -0.42589611)
(-0.42589611 0.42589611 0.42589611)
(0.42589611 -0.42589611 -0.42589611)
(0.42589611 -0.42589611 0.42589611)
(0.42589611 0.42589611 -0.42589611)
(0.42589611 0.42589611 0.42589611)
(-0.166666667 0.166666667 -0.5)
(0.166666667 -0.166666667 -0.5)
(-0.166666667 -0.5 0.166666667)
(0.166666667 -0.5 -0.166666667)
(-0.5 -0.166666667 0.166666667)
(-0.5 0.166666667 -0.166666667)
(0.5 0.166666667 -0.166666667)
(0.5 -0.166666667 0.166666667)
(0.166666667 0.5 -0.166666667)
(-0.166666667 0.5 0.166666667)
(0.166666667 -0.166666667 0.5)
(-0.166666667 0.166666667 0.5)
(-0.5 -0.5 0)
(0 -0.5 -0.5)
(0 0.5 0)
(0 -0.5 0.5)
(0 0.5 0.5)
(0.5 0 -0.5)
(-0.5 0 0)
(0.5 0 0.5)
(0 0 -0.5)
(-0.5 0.5 0)
(0.5 0.5 0)
(-0.5 0 -0.5)
(0.5 -0.5 0)
(0 0.5 -0.5)
(0 0 0.5)
(0 -0.5 0)
(-0.5 0 0.5)
(0.5 0 0)
(-0.5 -0.5 -0.5)
(-0.5 -0.5 0.5)
(-0.5 0.5 -0.5)
(-0.5 0.5 0.5)
(0.5 -0.5 -0.5)
(0.5 -0.5 0.5)
(0.5 0.5 -0.5)
(0.5 0.5 0.5)
)

// ************************************************************************* //
