/*--------------------------------*- C++ -*----------------------------------*\
  =========                 |
  \\      /  F ield         | OpenFOAM: The Open Source CFD Toolbox
   \\    /   O peration     |
    \\  /    A nd           | Version: 13
     \\/     M anipulation  |
\*---------------------------------------------------------------------------*/
FoamFile
{
    version     2.0;
    format      ascii;
    class       faceList;
    location    "constant/polyMesh";
    object      faces;
}
// * * * * * * * * * * * * * * * * * * * * * * * * * * * * * * * * * * * * //
144
(
3(30 42 52)
3(52 30 2)
3(52 2 32)
3(44 32 52)
3(63 40 28)
3(1 28 63)
3(33 1 63)
3(63 33 45)
3(58 44 32)
3(58 32 33)
3(58 33 45)
3(29 41 53)
3(53 29 0)
3(53 0 31)
3(43 31 53)
3(30 42 67)
3(31 30 67)
3(43 31 67)
3(60 40 28)
3(60 28 29)
3(60 29 41)
5(33 32 2 3 1)
5(0 3 2 30 31)
5(29 28 1 3 0)
3(32 44 68)
3(16 32 68)
3(39 16 68)
3(68 39 51)
3(55 42 30)
3(55 30 21)
3(55 21 38)
3(50 38 55)
3(66 50 38)
3(66 38 39)
3(66 39 51)
4(32 16 17 2)
4(2 17 21 30)
5(17 21 38 39 16)
3(61 45 33)
3(61 33 9)
3(61 9 37)
3(49 37 61)
3(28 40 65)
3(12 28 65)
3(36 12 65)
3(65 36 48)
3(36 48 54)
3(37 36 54)
3(49 37 54)
4(1 10 9 33)
5(9 37 36 12 10)
4(28 12 10 1)
3(37 49 56)
3(22 37 56)
3(39 22 56)
3(51 39 56)
5(9 20 16 32 33)
4(20 22 37 9)
4(16 20 22 39)
3(31 43 64)
3(8 31 64)
3(35 8 64)
3(64 35 47)
3(57 41 29)
3(57 29 5)
3(57 5 34)
3(46 34 57)
3(69 46 34)
3(69 34 35)
3(69 35 47)
5(5 34 35 8 6)
4(31 8 6 0)
4(0 6 5 29)
3(59 47 35)
3(59 35 23)
3(59 23 38)
3(59 38 50)
4(8 25 23 35)
5(31 30 21 25 8)
4(25 23 38 21)
3(34 46 62)
3(13 34 62)
3(36 13 62)
3(48 36 62)
4(15 13 34 5)
4(12 15 13 36)
5(5 15 12 28 29)
5(34 35 23 27 13)
5(13 27 22 37 36)
5(22 27 23 38 39)
4(14 26 24 7)
4(4 18 19 11)
4(11 19 26 14)
4(7 24 18 4)
4(24 26 19 18)
4(4 11 14 7)
5(13 15 14 26 27)
5(8 25 24 7 6)
5(23 27 26 24 25)
5(6 7 14 15 5)
5(9 20 19 11 10)
5(3 4 18 17 2)
5(17 18 19 20 16)
5(10 11 4 3 1)
5(19 26 27 22 20)
5(12 15 14 11 10)
5(21 25 24 18 17)
5(3 4 7 6 0)
4(70 63 40 60)
4(60 41 53 70)
4(67 42 52 70)
4(70 53 43 67)
4(70 52 44 58)
4(58 45 63 70)
4(71 52 42 55)
4(68 44 52 71)
4(71 55 50 66)
4(66 51 68 71)
4(65 40 63 72)
4(72 63 45 61)
4(54 48 65 72)
4(72 61 49 54)
4(73 58 44 68)
4(61 45 58 73)
4(56 49 61 73)
4(73 68 51 56)
4(74 53 41 57)
4(64 43 53 74)
4(74 57 46 69)
4(69 47 64 74)
4(55 42 67 75)
4(75 67 43 64)
4(75 64 47 59)
4(59 50 55 75)
4(76 60 40 65)
4(57 41 60 76)
4(62 46 57 76)
4(76 65 48 62)
4(77 69 46 62)
4(59 47 69 77)
4(62 48 54 77)
4(77 54 49 56)
4(77 66 50 59)
4(56 51 66 77)
)

// ************************************************************************* //
