/*--------------------------------*- C++ -*----------------------------------*\
  =========                 |
  \\      /  F ield         | OpenFOAM: The Open Source CFD Toolbox
   \\    /   O peration     |
    \\  /    A nd           | Version: 13
     \\/     M anipulation  |
\*---------------------------------------------------------------------------*/
FoamFile
{
    version     2.0;
    format      ascii;
    class       faceList;
    location    "constant/polyMesh";
    object      faces;
}
// * * * * * * * * * * * * * * * * * * * * * * * * * * * * * * * * * * * * //
448
(
3(68 67 57)
3(68 61 67)
3(68 57 61)
3(61 57 67)
3(68 49 67)
3(68 67 45)
3(68 45 49)
3(45 67 49)
3(68 53 67)
3(68 49 53)
3(53 49 67)
3(68 53 57)
3(53 67 57)
3(68 67 3)
3(68 7 67)
3(68 3 7)
3(3 67 7)
3(68 31 67)
3(68 67 27)
3(68 27 31)
3(31 27 67)
3(68 1 3)
3(68 67 1)
3(3 1 67)
3(68 61 65)
3(68 65 67)
3(61 67 65)
3(2 32 66)
3(2 66 0)
3(32 0 66)
3(2 6 66)
3(6 32 66)
3(2 66 67)
3(66 0 67)
3(2 67 0)
3(6 66 67)
3(2 6 67)
3(11 68 67)
3(68 15 67)
3(11 15 68)
3(11 67 15)
3(11 68 7)
3(11 7 67)
3(26 66 32)
3(26 30 66)
3(32 66 30)
3(26 66 22)
3(22 66 32)
3(26 67 66)
3(66 67 30)
3(26 30 67)
3(22 67 66)
3(26 67 22)
3(18 32 66)
3(18 66 14)
3(14 66 32)
3(18 22 66)
3(18 66 67)
3(14 67 66)
3(18 67 14)
3(18 22 67)
3(60 66 32)
3(60 64 66)
3(32 66 64)
3(60 66 56)
3(56 66 32)
3(60 67 66)
3(66 67 64)
3(60 64 67)
3(56 67 66)
3(60 67 56)
3(52 32 66)
3(52 66 48)
3(48 66 32)
3(52 56 66)
3(52 66 67)
3(48 67 66)
3(52 67 48)
3(52 56 67)
3(36 66 67)
3(36 30 66)
3(36 67 30)
3(36 66 40)
3(40 66 67)
3(36 40 67)
3(36 32 66)
3(40 32 66)
3(21 68 67)
3(21 17 68)
3(68 17 67)
3(21 67 17)
3(41 68 67)
3(41 45 68)
3(41 67 45)
3(44 67 66)
3(44 66 48)
3(44 48 67)
3(44 40 66)
3(44 67 40)
3(44 66 32)
3(10 67 66)
3(10 66 14)
3(10 14 67)
3(10 6 66)
3(10 67 6)
3(10 66 32)
3(19 67 68)
3(19 68 15)
3(19 15 67)
3(46 66 67)
3(46 50 66)
3(50 67 66)
3(46 67 50)
3(46 66 42)
3(42 66 67)
3(46 42 67)
3(46 32 66)
3(50 66 32)
3(42 32 66)
3(62 66 67)
3(62 64 66)
3(62 67 64)
3(62 66 58)
3(58 66 67)
3(62 58 67)
3(62 32 66)
3(58 32 66)
3(54 67 66)
3(54 66 50)
3(54 50 67)
3(54 58 66)
3(54 67 58)
3(54 66 32)
3(28 32 66)
3(28 66 34)
3(34 66 32)
3(28 24 66)
3(24 32 66)
3(28 66 67)
3(34 67 66)
3(28 67 34)
3(24 66 67)
3(28 24 67)
3(20 66 32)
3(20 16 66)
3(16 32 66)
3(20 66 24)
3(20 67 66)
3(16 66 67)
3(20 16 67)
3(20 67 24)
3(37 67 68)
3(37 68 31)
3(37 31 67)
3(37 41 68)
3(37 67 41)
3(23 68 67)
3(23 27 68)
3(23 67 27)
3(23 68 19)
3(23 19 67)
3(38 67 66)
3(38 66 34)
3(38 34 67)
3(38 42 66)
3(38 67 42)
3(38 66 32)
3(25 21 68)
3(25 68 67)
3(25 67 21)
3(12 66 67)
3(12 16 66)
3(12 67 16)
3(12 66 8)
3(8 66 67)
3(12 8 67)
3(12 32 66)
3(8 32 66)
3(4 67 66)
3(4 66 0)
3(4 0 67)
3(4 8 66)
3(4 67 8)
3(4 66 32)
3(33 7 68)
3(33 68 3)
3(33 27 68)
3(33 68 23)
3(33 61 68)
3(33 68 57)
3(33 68 37)
3(33 41 68)
3(33 31 68)
3(33 68 11)
3(33 15 68)
3(33 19 68)
3(33 68 1)
3(33 65 68)
3(33 53 68)
3(33 68 49)
3(33 68 45)
3(33 68 21)
3(33 17 68)
3(33 68 25)
3(55 51 68)
3(51 67 68)
3(55 68 67)
3(55 67 51)
3(33 51 68)
3(55 33 68)
3(29 67 68)
3(29 68 35)
3(35 68 67)
3(29 35 67)
3(29 25 68)
3(29 67 25)
3(29 68 33)
3(33 68 35)
3(13 67 68)
3(13 68 17)
3(13 17 67)
3(13 9 68)
3(9 67 68)
3(13 67 9)
3(13 68 33)
3(33 9 68)
3(5 68 67)
3(5 1 68)
3(5 67 1)
3(5 68 9)
3(5 9 67)
3(5 33 68)
3(47 67 68)
3(47 68 51)
3(47 51 67)
3(47 43 68)
3(43 67 68)
3(47 67 43)
3(47 68 33)
3(43 68 33)
3(59 55 68)
3(59 68 67)
3(59 67 55)
3(59 33 68)
3(39 68 67)
3(39 35 68)
3(39 67 35)
3(39 68 43)
3(39 43 67)
3(39 33 68)
3(63 67 68)
3(63 68 65)
3(63 65 67)
3(63 59 68)
3(63 67 59)
3(63 68 33)
3(2 67 1)
3(67 0 1)
3(2 67 3)
3(2 7 67)
3(6 67 7)
3(26 67 31)
3(26 27 67)
3(31 30 67)
3(60 67 65)
3(60 61 67)
3(65 64 67)
3(60 57 67)
3(56 57 67)
3(52 67 49)
3(48 49 67)
3(52 67 53)
3(52 57 67)
3(44 49 67)
3(44 45 67)
3(44 67 41)
3(41 67 40)
3(10 15 67)
3(14 67 15)
3(10 11 67)
3(10 67 7)
3(19 14 67)
3(19 18 67)
3(20 17 67)
3(16 67 17)
3(20 21 67)
3(37 30 67)
3(37 36 67)
3(37 67 40)
3(23 67 26)
3(23 67 22)
3(23 18 67)
3(25 67 20)
3(25 67 24)
3(55 50 67)
3(55 67 54)
3(51 50 67)
3(29 34 67)
3(35 67 34)
3(29 28 67)
3(29 67 24)
3(13 16 67)
3(13 12 67)
3(13 67 8)
3(9 8 67)
3(5 67 0)
3(5 67 4)
3(5 8 67)
3(47 50 67)
3(47 46 67)
3(47 42 67)
3(43 42 67)
3(59 67 54)
3(59 67 58)
3(39 67 34)
3(39 67 38)
3(39 42 67)
3(63 64 67)
3(63 62 67)
3(63 67 58)
3(2 0 32)
3(4 32 0)
3(2 32 6)
3(4 8 32)
3(10 6 32)
3(12 32 8)
3(10 32 14)
3(12 16 32)
3(18 14 32)
3(20 32 16)
3(18 32 22)
3(20 24 32)
3(26 22 32)
3(28 32 24)
3(26 32 30)
3(28 34 32)
3(36 30 32)
3(38 32 34)
3(36 32 40)
3(38 42 32)
3(44 40 32)
3(46 32 42)
3(44 32 48)
3(46 50 32)
3(52 48 32)
3(54 32 50)
3(52 32 56)
3(54 58 32)
3(60 56 32)
3(62 32 58)
3(60 32 64)
3(62 64 32)
3(33 3 7)
3(33 1 3)
3(33 7 11)
3(5 1 33)
3(33 11 15)
3(5 33 9)
3(33 15 19)
3(13 9 33)
3(33 19 23)
3(13 33 17)
3(33 23 27)
3(33 21 17)
3(33 27 31)
3(33 25 21)
3(33 31 37)
3(29 25 33)
3(33 37 41)
3(29 33 35)
3(33 41 45)
3(39 35 33)
3(33 45 49)
3(39 33 43)
3(33 49 53)
3(47 43 33)
3(33 53 57)
3(47 33 51)
3(33 57 61)
3(55 51 33)
3(33 61 65)
3(59 55 33)
3(63 33 65)
3(63 59 33)
3(2 1 0)
3(2 3 1)
3(5 0 1)
3(2 7 3)
3(5 4 0)
3(2 6 7)
3(5 8 4)
3(10 7 6)
3(5 9 8)
3(10 11 7)
3(13 8 9)
3(10 15 11)
3(13 12 8)
3(10 14 15)
3(13 16 12)
3(19 15 14)
3(13 17 16)
3(19 14 18)
3(20 16 17)
3(23 19 18)
3(20 17 21)
3(23 18 22)
3(25 20 21)
3(23 22 26)
3(25 24 20)
3(23 26 27)
3(29 24 25)
3(26 31 27)
3(29 28 24)
3(26 30 31)
3(29 34 28)
3(37 31 30)
3(29 35 34)
3(37 30 36)
3(39 34 35)
3(37 36 40)
3(39 38 34)
3(37 40 41)
3(39 42 38)
3(44 41 40)
3(39 43 42)
3(44 45 41)
3(47 42 43)
3(44 49 45)
3(47 46 42)
3(44 48 49)
3(47 50 46)
3(52 49 48)
3(47 51 50)
3(52 53 49)
3(55 50 51)
3(52 57 53)
3(55 54 50)
3(52 56 57)
3(59 54 55)
3(60 57 56)
3(59 58 54)
3(60 61 57)
3(63 58 59)
3(60 65 61)
3(63 62 58)
3(60 64 65)
3(63 64 62)
3(63 65 64)
)

// ************************************************************************* //
