/*--------------------------------*- C++ -*----------------------------------*\
  =========                 |
  \\      /  F ield         | OpenFOAM: The Open Source CFD Toolbox
   \\    /   O peration     |
    \\  /    A nd           | Version: 13
     \\/     M anipulation  |
\*---------------------------------------------------------------------------*/
FoamFile
{
    version     2.0;
    format      ascii;
    class       labelList;
    location    "constant/polyMesh";
    object      neighbour;
}
// * * * * * * * * * * * * * * * * * * * * * * * * * * * * * * * * * * * * //
320
(
3
7
84
136
2
35
96
143
3
94
139
95
141
6
13
82
131
65
67
86
132
92
110
129
93
124
134
9
10
80
11
43
11
78
128
41
130
13
44
88
147
89
149
15
16
32
17
19
17
30
133
21
159
19
20
42
21
21
40
151
161
23
24
51
25
27
25
49
135
29
137
27
28
38
29
29
36
138
140
31
32
155
33
37
157
33
39
73
98
106
153
66
97
145
37
38
142
39
144
39
41
42
146
43
148
43
68
90
150
46
47
53
179
48
70
180
48
55
72
50
51
189
52
54
191
52
56
54
55
164
56
183
56
58
59
71
60
62
60
69
167
64
169
62
63
76
64
64
74
152
163
66
87
154
85
156
68
83
158
91
160
70
71
185
72
187
72
99
103
162
75
76
171
77
79
173
77
81
79
80
175
81
177
81
89
92
86
91
93
95
87
97
87
89
90
91
112
126
95
96
97
99
108
105
101
114
118
165
116
119
103
104
120
166
105
168
105
122
107
108
170
109
111
172
109
113
111
112
174
113
176
113
115
116
178
117
121
181
117
123
119
125
182
127
121
122
184
123
186
123
125
126
188
127
190
127
129
174
131
131
148
133
158
154
135
136
188
137
140
139
142
141
141
143
145
145
156
147
150
149
149
151
160
153
170
162
155
157
157
159
161
161
163
168
165
182
178
167
184
169
169
171
173
173
176
175
177
177
179
180
181
186
183
190
185
187
187
189
191
191
)

// ************************************************************************* //
