/*--------------------------------*- C++ -*----------------------------------*\
  =========                 |
  \\      /  F ield         | OpenFOAM: The Open Source CFD Toolbox
   \\    /   O peration     |
    \\  /    A nd           | Version: 13
     \\/     M anipulation  |
\*---------------------------------------------------------------------------*/
FoamFile
{
    version     2.0;
    format      ascii;
    class       vectorField;
    location    "constant/polyMesh";
    object      points;
}
// * * * * * * * * * * * * * * * * * * * * * * * * * * * * * * * * * * * * //
223
(
(-0.499942265 -0.499942265 -0.499942265)
(-0.499929289 -0.499929289 -0.25)
(-0.499929289 -0.499929289 0)
(-0.499929289 -0.499929289 0.25)
(-0.499942265 -0.499942265 0.499942265)
(-0.499929289 -0.25 -0.499929289)
(-0.4999 -0.25 -0.25)
(-0.4999 -0.25 0)
(-0.4999 -0.25 0.25)
(-0.499929289 -0.25 0.499929289)
(-0.499929289 0 -0.499929289)
(-0.4999 0 -0.25)
(-0.4999 0 0)
(-0.4999 0 0.25)
(-0.499929289 0 0.499929289)
(-0.499929289 0.25 -0.499929289)
(-0.4999 0.25 -0.25)
(-0.4999 0.25 0)
(-0.4999 0.25 0.25)
(-0.499929289 0.25 0.499929289)
(-0.499942265 0.499942265 -0.499942265)
(-0.499929289 0.499929289 -0.25)
(-0.499929289 0.499929289 0)
(-0.499929289 0.499929289 0.25)
(-0.499942265 0.499942265 0.499942265)
(-0.25 -0.499929289 -0.499929289)
(-0.25 -0.4999 -0.25)
(-0.25 -0.4999 0)
(-0.25 -0.4999 0.25)
(-0.25 -0.499929289 0.499929289)
(-0.25 -0.25 -0.4999)
(-0.25 -0.25 -0.25)
(-0.25 -0.25 0)
(-0.25 -0.25 0.25)
(-0.25 -0.25 0.4999)
(-0.25 0 -0.4999)
(-0.25 0 -0.25)
(-0.25 0 0)
(-0.25 0 0.25)
(-0.25 0 0.4999)
(-0.25 0.25 -0.4999)
(-0.25 0.25 -0.25)
(-0.25 0.25 0)
(-0.25 0.25 0.25)
(-0.25 0.25 0.4999)
(-0.25 0.499929289 -0.499929289)
(-0.25 0.4999 -0.25)
(-0.25 0.4999 0)
(-0.25 0.4999 0.25)
(-0.25 0.499929289 0.499929289)
(0 -0.499929289 -0.499929289)
(0 -0.4999 -0.25)
(0 -0.4999 0)
(0 -0.4999 0.25)
(0 -0.499929289 0.499929289)
(0 -0.25 -0.4999)
(0 -0.25 -0.25)
(0 -0.25 0)
(0 -0.25 0.25)
(0 -0.25 0.4999)
(0 0 -0.4999)
(0 0 -0.25)
(0 0 0)
(0 0 0.25)
(0 0 0.4999)
(0 0.25 -0.4999)
(0 0.25 -0.25)
(0 0.25 0)
(0 0.25 0.25)
(0 0.25 0.4999)
(0 0.499929289 -0.499929289)
(0 0.4999 -0.25)
(0 0.4999 0)
(0 0.4999 0.25)
(0 0.499929289 0.499929289)
(0.25 -0.499929289 -0.499929289)
(0.25 -0.4999 -0.25)
(0.25 -0.4999 0)
(0.25 -0.4999 0.25)
(0.25 -0.499929289 0.499929289)
(0.25 -0.25 -0.4999)
(0.25 -0.25 -0.25)
(0.25 -0.25 0)
(0.25 -0.25 0.25)
(0.25 -0.25 0.4999)
(0.25 0 -0.4999)
(0.25 0 -0.25)
(0.25 0 0)
(0.25 0 0.25)
(0.25 0 0.4999)
(0.25 0.25 -0.4999)
(0.25 0.25 -0.25)
(0.25 0.25 0)
(0.25 0.25 0.25)
(0.25 0.25 0.4999)
(0.25 0.499929289 -0.499929289)
(0.25 0.4999 -0.25)
(0.25 0.4999 0)
(0.25 0.4999 0.25)
(0.25 0.499929289 0.499929289)
(0.499942265 -0.499942265 -0.499942265)
(0.499929289 -0.499929289 -0.25)
(0.499929289 -0.499929289 0)
(0.499929289 -0.499929289 0.25)
(0.499942265 -0.499942265 0.499942265)
(0.499929289 -0.25 -0.499929289)
(0.4999 -0.25 -0.25)
(0.4999 -0.25 0)
(0.4999 -0.25 0.25)
(0.499929289 -0.25 0.499929289)
(0.499929289 0 -0.499929289)
(0.4999 0 -0.25)
(0.4999 0 0)
(0.4999 0 0.25)
(0.499929289 0 0.499929289)
(0.499929289 0.25 -0.499929289)
(0.4999 0.25 -0.25)
(0.4999 0.25 0)
(0.4999 0.25 0.25)
(0.499929289 0.25 0.499929289)
(0.499942265 0.499942265 -0.499942265)
(0.499929289 0.499929289 -0.25)
(0.499929289 0.499929289 0)
(0.499929289 0.499929289 0.25)
(0.499942265 0.499942265 0.499942265)
(-0.5 -0.5 -0.5)
(-0.5 -0.5 -0.25)
(-0.5 -0.5 0)
(-0.5 -0.5 0.25)
(-0.5 -0.5 0.5)
(-0.5 -0.25 -0.5)
(-0.5 -0.25 -0.25)
(-0.5 -0.25 0)
(-0.5 -0.25 0.25)
(-0.5 -0.25 0.5)
(-0.5 0 -0.5)
(-0.5 0 -0.25)
(-0.5 0 0)
(-0.5 0 0.25)
(-0.5 0 0.5)
(-0.5 0.25 -0.5)
(-0.5 0.25 -0.25)
(-0.5 0.25 0)
(-0.5 0.25 0.25)
(-0.5 0.25 0.5)
(-0.5 0.5 -0.5)
(-0.5 0.5 -0.25)
(-0.5 0.5 0)
(-0.5 0.5 0.25)
(-0.5 0.5 0.5)
(-0.25 -0.5 -0.5)
(-0.25 -0.5 -0.25)
(-0.25 -0.5 0)
(-0.25 -0.5 0.25)
(-0.25 -0.5 0.5)
(-0.25 -0.25 -0.5)
(-0.25 -0.25 0.5)
(-0.25 0 -0.5)
(-0.25 0 0.5)
(-0.25 0.25 -0.5)
(-0.25 0.25 0.5)
(-0.25 0.5 -0.5)
(-0.25 0.5 -0.25)
(-0.25 0.5 0)
(-0.25 0.5 0.25)
(-0.25 0.5 0.5)
(0 -0.5 -0.5)
(0 -0.5 -0.25)
(0 -0.5 0)
(0 -0.5 0.25)
(0 -0.5 0.5)
(0 -0.25 -0.5)
(0 -0.25 0.5)
(0 0 -0.5)
(0 0 0.5)
(0 0.25 -0.5)
(0 0.25 0.5)
(0 0.5 -0.5)
(0 0.5 -0.25)
(0 0.5 0)
(0 0.5 0.25)
(0 0.5 0.5)
(0.25 -0.5 -0.5)
(0.25 -0.5 -0.25)
(0.25 -0.5 0)
(0.25 -0.5 0.25)
(0.25 -0.5 0.5)
(0.25 -0.25 -0.5)
(0.25 -0.25 0.5)
(0.25 0 -0.5)
(0.25 0 0.5)
(0.25 0.25 -0.5)
(0.25 0.25 0.5)
(0.25 0.5 -0.5)
(0.25 0.5 -0.25)
(0.25 0.5 0)
(0.25 0.5 0.25)
(0.25 0.5 0.5)
(0.5 -0.5 -0.5)
(0.5 -0.5 -0.25)
(0.5 -0.5 0)
(0.5 -0.5 0.25)
(0.5 -0.5 0.5)
(0.5 -0.25 -0.5)
(0.5 -0.25 -0.25)
(0.5 -0.25 0)
(0.5 -0.25 0.25)
(0.5 -0.25 0.5)
(0.5 0 -0.5)
(0.5 0 -0.25)
(0.5 0 0)
(0.5 0 0.25)
(0.5 0 0.5)
(0.5 0.25 -0.5)
(0.5 0.25 -0.25)
(0.5 0.25 0)
(0.5 0.25 0.25)
(0.5 0.25 0.5)
(0.5 0.5 -0.5)
(0.5 0.5 -0.25)
(0.5 0.5 0)
(0.5 0.5 0.25)
(0.5 0.5 0.5)
)

// ************************************************************************* //
