/*--------------------------------*- C++ -*----------------------------------*\
  =========                 |
  \\      /  F ield         | OpenFOAM: The Open Source CFD Toolbox
   \\    /   O peration     |
    \\  /    A nd           | Version: 13
     \\/     M anipulation  |
\*---------------------------------------------------------------------------*/
FoamFile
{
    version     2.0;
    format      ascii;
    class       labelList;
    location    "constant/polyMesh";
    object      neighbour;
}
// * * * * * * * * * * * * * * * * * * * * * * * * * * * * * * * * * * * * //
2608
(
39
272
456
1408
16
107
117
308
68
427
519
1557
4
28
94
476
1466
34
37
189
395
7
55
381
8
202
10
48
10
47
58
1416
57
53
413
852
1415
60
76
223
568
14
204
1459
84
231
108
116
279
109
121
18
91
251
1409
459
478
1466
20
124
570
72
453
22
128
1454
1558
23
79
428
1557
25
176
546
138
354
145
151
1616
364
1463
1615
29
30
195
1553
166
1466
1554
45
553
1551
165
1480
1552
178
186
311
1445
35
41
187
503
37
38
44
39
41
39
270
254
41
255
502
191
235
724
87
257
466
1404
92
190
46
200
49
194
1553
48
49
403
50
50
197
203
205
211
474
1460
53
207
854
56
55
56
185
208
57
57
1416
404
1469
61
132
423
61
573
73
131
424
659
64
70
320
1448
65
1457
66
221
70
429
68
69
150
70
426
70
321
72
224
567
577
76
225
228
1458
1544
76
222
1457
1458
86
232
1471
241
244
787
1569
220
237
81
247
679
130
598
83
85
87
1403
84
260
86
86
399
1472
400
89
256
258
1404
261
265
624
91
262
274
1408
479
93
271
192
264
198
263
96
188
638
287
557
98
106
280
102
277
100
112
281
288
1476
1594
102
276
494
1462
1461
289
1462
1592
105
107
110
1417
106
1461
108
108
109
111
111
115
784
290
1593
114
239
291
1593
115
782
1591
117
118
307
119
496
305
514
122
123
452
122
785
309
125
245
127
242
126
310
127
246
1433
1455
129
300
130
1453
832
132
294
226
303
507
1478
1550
135
306
513
215
1492
1582
214
1456
1580
138
139
141
550
140
140
313
1529
177
528
548
296
302
686
144
147
315
1464
316
358
146
148
147
1464
330
324
326
152
318
959
1545
216
516
154
325
153
154
960
155
219
155
1616
335
157
323
327
301
687
331
340
345
1612
160
333
341
217
517
162
164
676
163
608
166
1465
165
675
166
169
180
710
170
171
361
170
356
379
368
1467
173
337
365
175
1468
175
176
338
181
177
184
388
1481
180
355
370
380
183
184
376
1482
1528
375
1468
1530
1529
186
210
382
383
386
284
397
391
643
190
394
193
470
563
193
471
717
195
197
198
197
199
402
199
632
201
203
529
549
203
530
205
409
213
405
415
1297
208
693
210
210
385
692
213
411
418
213
406
416
215
421
510
217
322
218
219
336
319
425
606
222
579
223
224
580
226
228
227
295
683
682
230
408
593
232
770
232
410
235
562
581
235
565
1129
768
1504
1584
915
1454
293
445
797
292
444
600
241
447
1567
450
246
454
244
245
451
246
788
246
249
610
249
463
790
599
252
458
794
1488
460
1488
253
462
613
464
792
255
457
615
257
267
465
259
622
260
1403
1460
1459
262
268
630
275
629
477
633
266
269
267
268
267
468
269
273
271
272
273
274
275
275
277
278
487
810
491
492
280
497
811
283
498
283
284
501
1476
285
396
560
1476
287
288
1475
493
289
495
291
499
292
293
500
295
505
509
525
1033
653
662
1492
1590
343
515
521
1420
300
1494
1556
830
302
837
304
523
1031
524
1032
306
307
1581
308
309
1581
310
1579
312
384
313
1527
527
315
329
534
316
1486
540
318
320
1543
319
322
321
322
324
836
325
961
327
330
328
329
685
330
332
333
334
1610
336
335
1614
336
338
349
544
342
347
701
341
343
346
344
343
522
344
518
346
348
347
350
349
369
350
547
352
552
673
353
954
354
545
551
706
712
357
360
542
711
359
362
360
541
361
363
363
1463
366
366
1611
367
369
368
368
1468
1613
1612
372
539
372
374
538
1482
377
374
387
537
1481
376
378
377
380
379
1467
380
382
531
383
384
532
386
1123
388
388
1124
390
438
729
391
392
558
393
642
435
440
395
718
397
1435
397
728
1436
399
442
566
400
401
467
564
403
805
404
420
406
407
409
408
772
410
410
412
416
1470
419
1469
414
1470
415
853
416
418
475
808
419
420
809
422
572
424
511
424
574
428
432
427
431
428
431
578
432
575
605
432
435
439
733
1502
435
646
735
437
561
582
438
439
725
440
440
862
731
769
1472
1586
732
1472
596
917
1454
1570
445
448
601
446
449
621
448
602
449
1419
1473
451
603
452
783
454
455
789
576
604
457
1487
611
612
1487
460
461
795
607
1465
464
618
778
464
774
466
468
467
469
470
471
470
472
723
472
720
474
623
1460
475
802
477
478
627
479
628
483
485
1483
482
486
489
483
636
641
485
1281
1484
1602
486
647
488
491
926
489
1062
1520
490
491
635
494
640
495
639
495
497
665
928
499
504
500
920
503
504
503
924
922
650
660
649
655
1037
508
1071
509
1477
648
511
1491
658
513
661
1492
514
666
518
520
517
519
518
520
1555
522
1493
1085
524
680
838
1028
1034
1313
1091
1107
1111
528
532
529
530
531
532
535
1485
1536
684
1486
695
1540
689
696
1498
1542
538
848
539
705
707
541
543
542
698
694
1485
546
547
546
700
702
549
550
553
551
554
552
555
554
555
1418
1479
713
1496
1532
558
559
730
560
1475
727
562
726
719
564
565
566
859
860
568
570
571
573
570
571
1455
572
1456
574
574
576
578
577
580
579
580
582
1130
863
584
586
874
986
750
1330
1429
586
751
875
749
690
754
878
1444
755
994
1015
1443
590
738
1025
592
1021
592
737
909
1214
594
773
595
771
764
999
597
776
598
1453
599
775
601
780
602
603
781
605
786
606
916
608
793
609
610
678
791
612
616
613
614
617
619
616
925
617
796
619
620
799
621
779
798
623
624
803
625
631
800
627
631
634
628
629
630
631
633
804
634
801
636
640
637
638
644
639
640
644
645
643
646
644
646
867
1520
1600
650
1070
650
1388
654
656
1039
653
657
1491
654
822
656
660
657
658
659
660
662
667
664
664
668
936
1589
666
1068
667
668
1065
670
825
831
1494
1086
1493
675
677
828
673
674
1479
829
675
827
1480
677
678
835
679
834
841
1478
682
840
1478
1546
683
1477
685
1311
687
687
1314
689
896
1541
967
1157
1253
1524
693
855
976
693
1260
695
698
696
697
699
1497
699
709
702
955
702
1083
704
705
708
1496
706
714
707
972
707
970
1495
711
716
711
712
715
714
846
715
716
847
718
720
721
722
724
723
722
723
1435
1499
724
726
729
1500
1499
728
730
1500
730
732
1140
858
861
1501
735
1502
1596
865
737
818
1145
738
993
740
747
1282
743
1274
745
871
948
905
945
1081
1577
744
747
939
869
940
906
1080
747
748
870
1601
815
1599
750
1006
1503
1004
1168
756
887
1116
754
758
885
1443
1254
757
758
757
883
1016
884
889
1102
1559
963
1246
1300
895
899
1197
1541
763
765
881
1504
764
766
882
1007
1503
768
771
769
770
1471
769
771
773
1296
1000
775
778
776
777
1474
1568
779
1474
1473
781
782
783
784
785
785
789
914
788
919
789
791
792
793
794
795
795
799
923
798
921
799
801
803
807
803
806
805
807
809
807
808
809
811
927
929
813
815
872
817
933
815
817
1059
1432
817
1060
1066
935
819
911
820
1144
1508
1336
1507
823
903
904
1490
1588
824
1489
907
947
1434
826
827
1087
828
833
828
829
953
831
832
833
834
835
835
837
956
838
842
840
958
1545
841
842
957
844
1236
1533
845
968
846
1498
1534
847
1497
973
1125
850
975
1010
1423
851
1495
971
1008
853
854
1524
1298
855
856
1251
1524
858
984
1139
860
860
983
862
864
863
1132
980
1133
866
867
990
1484
1598
1483
869
871
1077
870
872
873
873
932
985
1328
987
1017
891
989
1018
879
996
997
1516
1158
1516
880
881
1001
882
998
882
1005
884
1164
885
1011
1119
889
1013
1019
1561
888
1014
889
1240
892
1023
1510
1574
892
1573
1171
894
1029
1035
1075
1364
896
898
1115
898
1092
1114
899
900
901
902
1027
902
913
1090
1225
1036
1041
907
1204
906
907
946
908
908
949
910
911
1051
1213
912
938
1050
962
1226
1451
916
919
916
917
918
919
1569
921
922
923
924
925
925
927
1063
931
929
1069
931
931
1061
1067
933
950
935
935
936
1064
937
937
952
1589
1508
1576
940
941
1277
1078
942
1079
1438
1276
1507
944
1208
1218
1073
1224
946
1048
1206
949
951
949
950
952
952
1587
954
1088
955
1084
957
961
958
959
960
961
1089
1513
964
965
1106
1234
966
1096
1299
1098
1186
969
1110
969
1109
1498
971
972
978
973
979
975
1101
1531
1166
1252
1256
978
1009
1259
979
1122
982
1270
982
1126
1266
1428
1501
984
1128
1272
986
1134
987
988
989
989
1286
1573
991
1381
992
1597
1141
1152
1143
1189
995
1515
1002
1012
1003
1515
998
1156
999
1000
1155
1003
1160
1003
1304
1006
1159
1007
1161
1007
1009
1010
1120
1011
1162
1121
1165
1015
1184
1014
1015
1020
1016
1016
1018
1169
1172
1020
1180
1183
1022
1045
1026
1354
1024
1191
1026
1509
1026
1190
1195
1368
1029
1312
1030
1198
1367
1032
1549
1033
1034
1035
1549
1199
1205
1228
1039
1321
1039
1040
1320
1490
1041
1489
1318
1055
1095
1212
1057
1211
1511
1097
1187
1210
1188
1215
1048
1207
1216
1048
1052
1577
1050
1052
1512
1578
1051
1511
1217
1055
1514
1564
1056
1058
1220
1057
1057
1512
1566
1222
1565
1060
1519
1061
1063
1063
1519
1065
1066
1068
1067
1069
1069
1071
1387
1203
1073
1209
1229
1074
1361
1372
1200
1359
1202
1360
1371
1078
1080
1079
1082
1081
1082
1575
1084
1085
1088
1086
1087
1088
1090
1230
1092
1092
1233
1094
1231
1513
1095
1096
1514
1097
1098
1235
1098
1100
1101
1237
1533
1103
1239
1244
1117
1104
1241
1104
1243
1248
1105
1430
1247
1505
1108
1249
1108
1323
1232
1113
1238
1113
1115
1112
1114
1113
1324
1115
1163
1242
1167
1245
1120
1250
1258
1121
1255
1121
1125
1257
1124
1261
1125
1127
1136
1153
1595
1129
1131
1130
1132
1133
1271
1133
1262
1285
1136
1154
1264
1267
1138
1268
1333
1585
1139
1273
1140
1585
1342
1382
1143
1144
1193
1391
1145
1145
1334
1147
1149
1288
1338
1148
1284
1437
1339
1517
1150
1151
1290
1152
1343
1152
1153
1597
1154
1289
1156
1295
1158
1158
1294
1161
1307
1161
1305
1165
1166
1164
1167
1165
1167
1169
1308
1170
1173
1185
1172
1174
1173
1177
1178
1510
1179
1350
1510
1562
1177
1180
1182
1178
1179
1181
1181
1561
1183
1185
1184
1303
1306
1187
1301
1188
1355
1190
1193
1191
1192
1518
1572
1194
1518
1393
1517
1197
1198
1197
1309
1539
1310
1200
1547
1201
1202
1358
1439
1521
1522
1548
1205
1206
1209
1207
1208
1209
1212
1215
1212
1213
1214
1215
1217
1218
1219
1221
1220
1512
1221
1223
1223
1317
1224
1362
1226
1369
1227
1315
1563
1229
1319
1373
1231
1233
1235
1233
1234
1235
1237
1238
1239
1322
1325
1241
1242
1243
1245
1244
1245
1247
1249
1248
1326
1327
1252
1255
1252
1253
1254
1255
1258
1260
1259
1261
1259
1261
1263
1329
1264
1291
1265
1269
1331
1267
1268
1270
1269
1269
1273
1271
1272
1273
1278
1348
1279
1280
1347
1277
1337
1278
1279
1335
1341
1374
1283
1377
1283
1349
1601
1287
1293
1286
1292
1287
1571
1290
1293
1290
1291
1292
1293
1295
1523
1296
1297
1298
1523
1300
1301
1506
1505
1352
1351
1506
1560
1304
1306
1305
1307
1308
1308
1310
1535
1312
1314
1537
1313
1314
1537
1316
1366
1317
1356
1565
1363
1319
1320
1370
1321
1390
1389
1324
1325
1324
1327
1326
1327
1329
1330
1331
1332
1333
1333
1583
1336
1376
1337
1375
1337
1339
1344
1394
1341
1342
1346
1345
1343
1344
1345
1395
1347
1380
1348
1349
1378
1351
1353
1352
1355
1354
1509
1355
1357
1358
1363
1359
1365
1359
1360
1361
1362
1363
1365
1367
1366
1369
1368
1369
1373
1385
1372
1384
1373
1375
1396
1376
1392
1378
1379
1380
1381
1484
1382
1382
1384
1386
1521
1385
1390
1387
1390
1522
1388
1389
1390
1392
1393
1396
1394
1395
1396
1398
1401
1406
1452
1399
1400
1554
1402
1416
1445
1418
1530
1618
1402
1525
1604
1415
1449
1404
1525
1405
1408
1435
1526
1409
1441
1526
1426
1436
1442
1526
1409
1488
1412
1448
1558
1619
1413
1417
1440
1582
1414
1433
1570
1414
1442
1594
1419
1441
1416
1470
1462
1592
1480
1552
1474
1568
1494
1556
1618
1423
1443
1447
1449
1446
1451
1542
1620
1496
1532
1426
1525
1586
1605
1426
1427
1605
1622
1428
1431
1437
1598
1502
1596
1504
1584
1607
1446
1506
1560
1438
1602
1623
1440
1520
1600
1456
1580
1490
1588
1609
1436
1500
1518
1572
1508
1576
1522
1548
1608
1590
1623
1442
1452
1622
1444
1449
1516
1482
1528
1447
1534
1562
1606
1458
1544
1606
1538
1550
1603
1620
1514
1564
1619
1621
1454
1456
1458
1460
1462
1464
1617
1466
1468
1470
1472
1474
1476
1478
1480
1482
1484
1486
1538
1488
1490
1492
1494
1496
1498
1500
1502
1504
1506
1508
1510
1512
1514
1516
1518
1520
1522
1524
1526
1528
1529
1530
1530
1532
1533
1534
1534
1536
1537
1538
1540
1538
1540
1541
1542
1542
1544
1545
1546
1546
1603
1548
1549
1550
1550
1552
1553
1554
1554
1556
1557
1558
1558
1560
1561
1562
1562
1564
1565
1566
1566
1608
1568
1569
1570
1570
1572
1573
1574
1574
1607
1576
1577
1578
1578
1609
1580
1581
1582
1582
1584
1585
1586
1586
1588
1589
1590
1590
1592
1593
1594
1594
1596
1597
1598
1598
1600
1601
1602
1602
1617
1619
1605
1606
1621
1607
1607
1609
1620
1623
1611
1612
1613
1615
1613
1618
1615
1616
1617
1617
1619
1621
1622
1623
)

// ************************************************************************* //
