/*--------------------------------*- C++ -*----------------------------------*\
  =========                 |
  \\      /  F ield         | OpenFOAM: The Open Source CFD Toolbox
   \\    /   O peration     |
    \\  /    A nd           | Version: 13
     \\/     M anipulation  |
\*---------------------------------------------------------------------------*/
FoamFile
{
    version     2.0;
    format      ascii;
    class       labelList;
    location    "constant/polyMesh";
    note        "nPoints:669  nCells:1624  nFaces:3888  nInternalFaces:2608";
    object      owner;
}
// * * * * * * * * * * * * * * * * * * * * * * * * * * * * * * * * * * * * //
3888
(
0
0
0
0
1
1
1
1
2
2
2
2
3
3
3
4
4
5
5
5
5
6
6
6
7
7
8
8
9
9
9
9
10
11
11
11
11
12
12
12
12
13
13
13
14
14
15
15
15
16
16
17
17
17
17
18
18
18
19
19
19
20
20
21
21
21
21
22
22
23
23
24
24
24
25
25
26
26
26
27
27
27
28
28
29
29
30
30
30
31
31
31
32
32
32
33
33
33
33
34
34
35
35
36
36
36
37
37
38
38
39
40
40
40
42
42
42
43
43
43
43
44
44
45
45
46
46
46
47
47
47
48
49
49
50
51
51
51
51
52
52
52
53
54
54
54
54
55
56
56
58
58
59
59
59
60
60
61
62
62
62
63
63
63
63
64
64
65
65
66
66
67
67
67
68
68
69
69
71
71
71
72
73
73
74
74
74
75
75
75
76
77
77
77
78
78
78
78
79
79
80
80
80
81
81
82
82
82
82
83
83
84
85
85
85
87
88
88
88
88
89
89
89
90
90
90
90
91
92
92
93
93
94
94
95
95
95
96
96
97
97
97
98
98
99
99
99
100
100
100
101
101
101
101
102
103
103
103
104
104
104
104
105
105
106
107
107
109
110
110
111
112
112
113
113
113
113
114
114
115
116
116
117
118
118
119
119
120
120
120
121
121
122
123
123
124
124
125
125
126
126
126
127
128
128
129
129
130
131
131
132
133
133
133
133
134
134
134
135
135
135
136
136
136
137
137
137
137
138
139
139
139
140
141
141
142
142
142
143
143
143
143
144
144
145
145
146
146
147
148
148
149
149
149
149
150
150
151
151
152
152
152
153
153
154
154
155
156
156
156
157
157
158
158
158
158
159
159
159
160
160
161
161
161
162
162
163
163
164
164
165
167
167
167
168
168
168
169
169
170
171
171
172
172
172
173
173
174
174
174
175
176
177
178
178
179
179
179
180
181
181
182
182
182
183
183
183
184
185
185
185
186
186
187
187
188
188
189
189
190
191
191
192
192
193
194
194
195
196
196
196
198
199
200
200
201
201
202
202
204
204
205
206
206
206
207
207
208
209
209
209
211
211
211
212
212
212
214
214
215
216
216
217
218
218
219
220
220
221
221
222
223
224
225
225
226
227
227
228
229
229
229
230
230
231
231
233
233
233
234
234
234
236
236
236
237
237
238
238
238
239
239
239
240
240
240
241
242
242
243
243
243
244
244
245
247
247
248
248
248
249
250
250
250
250
251
251
252
252
252
253
253
254
254
255
256
256
257
258
258
259
259
259
260
261
261
261
262
262
263
263
264
264
265
265
266
266
268
269
270
270
271
272
273
274
276
276
276
277
278
278
279
279
280
281
281
282
282
282
283
284
285
285
285
286
286
286
287
288
289
290
290
291
292
293
294
294
295
296
296
297
297
297
297
298
298
298
298
299
299
299
300
301
301
302
303
303
304
304
305
305
306
307
308
308
309
310
311
311
312
312
313
314
314
314
315
315
316
317
317
317
318
319
320
321
323
323
324
325
326
326
327
328
328
329
331
331
332
332
333
334
334
335
337
337
338
339
339
339
340
340
340
341
342
342
343
344
345
345
346
347
348
348
349
350
351
351
351
352
352
353
353
354
355
355
356
356
357
357
358
358
359
359
360
361
362
362
363
364
364
365
365
366
367
367
367
369
370
370
371
371
371
371
372
373
373
373
374
375
375
376
377
378
378
379
381
381
382
383
384
385
385
386
387
387
389
389
389
390
390
391
392
392
393
393
394
394
395
395
396
396
396
398
398
398
399
400
401
401
402
402
403
404
405
405
406
407
407
408
409
411
411
411
412
412
413
413
414
414
415
417
417
417
418
419
420
421
421
422
422
423
423
425
425
426
426
427
429
429
430
430
430
431
433
433
433
433
434
434
434
436
436
436
437
437
437
438
439
439
441
441
441
441
442
442
443
443
443
443
444
444
444
445
446
446
447
447
448
448
449
450
450
451
452
453
453
454
455
455
456
456
457
458
458
459
459
460
461
461
462
462
462
463
463
465
465
466
466
467
468
469
469
469
471
472
473
473
473
474
475
476
476
477
478
479
480
480
480
481
481
481
482
482
483
484
484
484
484
485
486
487
487
487
488
488
488
489
490
490
492
492
493
493
494
496
496
497
498
498
499
500
501
501
502
502
504
505
505
506
506
506
507
507
508
508
509
510
510
511
512
512
512
513
514
515
515
516
516
517
519
520
521
521
522
523
523
524
525
525
525
526
526
526
527
527
528
529
530
531
533
533
533
534
534
535
535
536
536
536
536
537
537
538
538
539
540
540
541
542
543
543
544
544
545
545
547
548
548
549
550
550
551
552
553
554
554
555
556
556
556
557
557
558
559
559
560
561
561
562
563
563
564
565
566
567
567
568
568
569
569
569
571
571
572
573
575
575
576
577
578
579
581
581
582
583
583
583
583
584
584
584
585
585
585
586
587
587
587
587
588
588
588
588
589
589
589
590
590
591
591
591
592
593
593
594
594
595
595
596
596
597
597
598
599
600
600
601
602
603
604
604
605
606
607
607
608
609
609
610
611
611
612
613
614
614
615
615
616
617
618
618
619
620
620
621
622
622
623
624
625
625
626
626
626
627
628
629
630
632
632
633
634
635
635
636
637
637
638
639
641
641
642
642
643
645
645
647
647
648
648
649
649
651
651
651
652
652
652
653
654
655
655
656
657
658
659
661
661
662
663
663
663
664
665
665
666
667
668
669
669
669
669
670
670
671
671
671
672
672
672
673
674
674
674
676
676
677
678
679
680
680
681
681
681
681
682
683
684
684
685
686
686
688
688
688
689
690
690
690
691
691
691
692
692
694
694
695
696
697
697
698
699
700
700
701
701
703
703
703
703
704
704
705
705
706
708
708
709
709
710
710
712
713
713
714
715
716
717
717
718
719
719
720
721
721
721
722
723
725
725
725
726
727
727
728
729
731
731
732
733
733
734
734
734
735
736
736
736
737
738
739
739
739
740
740
741
741
741
742
742
742
742
743
743
743
744
744
745
745
746
746
746
747
748
748
749
749
750
751
751
752
752
752
753
753
753
753
754
755
755
756
756
757
758
759
759
759
760
760
760
761
761
761
761
762
762
762
762
763
763
764
765
765
766
766
767
767
767
768
770
772
772
773
774
774
775
776
777
777
778
778
779
780
780
781
782
783
784
786
786
787
787
788
790
790
791
792
793
794
796
796
797
797
798
800
800
801
802
802
804
804
805
806
806
808
810
810
811
812
812
812
813
813
814
814
814
814
816
816
816
817
818
818
819
819
819
820
820
821
821
821
822
822
823
823
824
824
824
825
825
825
826
826
827
827
829
830
830
831
832
833
834
836
836
837
838
839
839
839
840
841
842
843
843
843
844
844
845
845
845
846
847
848
848
849
849
849
849
850
850
851
851
852
852
852
853
854
855
856
856
857
857
857
858
859
859
861
861
862
863
864
864
865
865
866
866
866
867
868
868
868
869
870
871
872
873
874
874
875
875
876
876
876
877
877
877
877
878
878
879
879
879
880
880
881
881
883
883
884
885
885
886
886
886
886
887
887
888
888
890
890
890
890
891
891
892
893
893
893
894
894
895
895
896
897
897
897
898
899
899
900
900
901
901
901
902
903
903
904
904
905
905
905
906
907
908
909
909
910
910
911
912
912
913
913
913
914
914
915
915
917
918
918
920
920
921
922
923
924
926
926
927
928
928
929
930
930
930
932
932
933
934
934
934
935
936
937
937
938
938
939
939
939
940
941
941
941
942
942
943
943
943
944
944
945
945
946
947
947
948
948
950
951
951
953
953
954
955
956
956
957
958
959
960
962
962
963
963
964
964
965
965
965
966
966
967
967
968
968
969
970
970
971
972
973
974
974
974
975
976
976
977
977
977
978
979
980
980
981
981
981
981
982
983
983
984
985
985
986
986
987
988
988
988
990
990
991
991
992
992
993
993
994
994
995
995
996
996
997
997
998
999
1000
1001
1001
1002
1002
1004
1004
1005
1005
1006
1008
1008
1009
1010
1010
1011
1011
1012
1012
1013
1013
1013
1014
1015
1017
1017
1018
1019
1019
1020
1021
1021
1022
1022
1023
1023
1024
1024
1025
1025
1027
1027
1028
1028
1029
1030
1030
1031
1031
1032
1033
1034
1034
1035
1036
1036
1037
1037
1038
1038
1038
1038
1040
1040
1041
1042
1042
1042
1043
1043
1043
1044
1044
1044
1045
1045
1046
1046
1046
1047
1047
1047
1049
1049
1049
1049
1050
1051
1052
1053
1053
1053
1054
1054
1054
1055
1056
1056
1056
1058
1058
1059
1059
1060
1061
1062
1062
1064
1064
1065
1066
1067
1068
1070
1070
1071
1072
1072
1072
1073
1074
1074
1075
1075
1076
1076
1076
1077
1077
1078
1079
1080
1081
1082
1083
1083
1084
1085
1086
1087
1089
1089
1090
1091
1091
1093
1093
1093
1094
1094
1094
1095
1096
1096
1097
1099
1099
1099
1099
1100
1100
1100
1101
1102
1102
1103
1103
1103
1104
1104
1105
1105
1106
1106
1107
1107
1108
1109
1109
1110
1110
1111
1111
1112
1112
1114
1116
1116
1117
1117
1118
1118
1118
1119
1119
1120
1122
1122
1123
1123
1124
1126
1126
1127
1127
1128
1128
1129
1130
1131
1131
1132
1134
1134
1135
1135
1135
1136
1137
1137
1137
1137
1138
1138
1139
1140
1141
1141
1142
1142
1142
1142
1143
1144
1144
1146
1146
1146
1146
1147
1147
1147
1148
1148
1149
1149
1149
1150
1150
1151
1151
1151
1153
1154
1155
1155
1156
1157
1157
1159
1159
1160
1160
1162
1162
1163
1163
1164
1166
1168
1168
1169
1170
1170
1171
1171
1172
1173
1174
1174
1175
1175
1175
1175
1176
1176
1176
1177
1178
1179
1180
1181
1182
1182
1183
1184
1185
1186
1186
1187
1188
1189
1189
1190
1191
1192
1192
1193
1193
1194
1194
1195
1195
1196
1196
1196
1198
1199
1199
1200
1201
1201
1201
1202
1203
1203
1204
1204
1205
1206
1207
1208
1210
1210
1211
1211
1213
1214
1216
1216
1217
1218
1219
1219
1220
1221
1222
1222
1223
1224
1225
1225
1226
1227
1227
1228
1228
1229
1230
1230
1231
1232
1232
1234
1236
1236
1237
1238
1239
1240
1240
1241
1242
1243
1244
1246
1246
1247
1248
1249
1250
1250
1251
1251
1253
1254
1256
1256
1257
1257
1258
1260
1262
1262
1263
1263
1264
1265
1265
1266
1266
1266
1267
1268
1268
1270
1271
1272
1274
1274
1275
1275
1275
1276
1276
1277
1278
1279
1280
1280
1281
1281
1282
1282
1283
1284
1284
1285
1285
1286
1287
1288
1288
1289
1289
1291
1292
1294
1294
1295
1296
1297
1298
1299
1299
1299
1300
1301
1302
1302
1302
1303
1303
1304
1305
1306
1307
1309
1309
1310
1311
1311
1312
1313
1313
1315
1315
1316
1316
1316
1317
1318
1318
1319
1320
1320
1321
1322
1322
1323
1323
1325
1326
1328
1328
1329
1330
1331
1332
1332
1334
1334
1335
1335
1336
1338
1338
1339
1340
1340
1340
1341
1342
1343
1344
1345
1346
1346
1347
1348
1349
1350
1350
1351
1352
1353
1353
1354
1356
1356
1356
1357
1357
1358
1358
1360
1361
1362
1364
1364
1365
1366
1367
1368
1370
1370
1371
1371
1372
1374
1374
1375
1376
1377
1377
1378
1379
1379
1380
1381
1383
1383
1383
1384
1385
1386
1386
1386
1387
1388
1389
1391
1391
1392
1393
1394
1395
1397
1397
1397
1397
1398
1398
1398
1399
1399
1399
1400
1400
1400
1401
1401
1401
1402
1402
1403
1403
1404
1405
1405
1405
1406
1406
1406
1407
1407
1407
1407
1408
1409
1410
1410
1410
1410
1411
1411
1411
1411
1412
1412
1412
1413
1413
1413
1414
1414
1415
1415
1417
1417
1418
1418
1419
1419
1420
1420
1420
1421
1421
1421
1421
1422
1422
1422
1422
1423
1423
1424
1424
1424
1424
1425
1425
1425
1425
1426
1427
1427
1427
1428
1428
1429
1429
1429
1430
1430
1430
1431
1431
1431
1432
1432
1432
1433
1433
1434
1434
1434
1435
1436
1437
1437
1438
1438
1439
1439
1439
1440
1440
1441
1441
1442
1443
1444
1444
1445
1445
1446
1446
1447
1447
1448
1448
1449
1450
1450
1450
1450
1451
1451
1452
1452
1453
1455
1457
1459
1461
1463
1464
1465
1467
1469
1471
1473
1475
1477
1479
1481
1483
1485
1486
1487
1489
1491
1493
1495
1497
1499
1501
1503
1505
1507
1509
1511
1513
1515
1517
1519
1521
1523
1525
1527
1527
1528
1529
1531
1531
1532
1533
1535
1535
1536
1536
1537
1539
1539
1540
1541
1543
1543
1544
1545
1546
1547
1547
1548
1549
1551
1551
1552
1553
1555
1555
1556
1557
1559
1559
1560
1561
1563
1563
1564
1565
1566
1567
1567
1568
1569
1571
1571
1572
1573
1574
1575
1575
1576
1577
1578
1579
1579
1580
1581
1583
1583
1584
1585
1587
1587
1588
1589
1591
1591
1592
1593
1595
1595
1596
1597
1599
1599
1600
1601
1603
1603
1604
1604
1604
1605
1606
1608
1608
1609
1610
1610
1611
1611
1612
1613
1614
1614
1615
1616
1618
1620
1621
1622
3
4
6
7
8
10
13
14
15
16
19
20
22
23
24
25
26
27
28
29
31
32
34
35
36
38
40
41
42
44
45
48
50
52
53
55
57
58
59
60
61
62
64
65
66
67
69
71
72
73
74
75
77
79
80
81
83
84
86
87
91
92
93
94
95
96
97
98
99
102
103
105
106
108
109
110
111
112
114
115
116
117
118
119
120
121
122
123
124
125
127
128
129
130
131
132
134
136
138
140
141
142
144
145
146
147
148
150
151
153
155
156
157
159
160
161
162
163
164
165
166
167
168
169
170
171
172
173
174
175
176
177
178
179
180
181
182
184
187
188
189
190
191
192
193
194
195
196
197
198
199
200
201
202
203
204
205
206
207
208
209
210
212
213
214
215
216
217
218
219
220
221
222
223
224
225
226
227
228
229
230
231
232
233
234
235
236
237
238
240
241
242
243
245
247
248
249
251
253
254
255
256
257
258
260
263
264
265
266
267
268
269
270
271
272
273
274
275
277
278
279
280
281
282
283
284
286
287
288
289
290
291
292
293
294
295
296
299
300
301
302
303
304
305
306
307
309
310
311
312
313
314
316
317
318
319
320
321
322
323
324
325
326
327
328
329
330
331
332
333
334
335
336
337
338
339
341
342
344
345
346
347
348
349
350
351
352
353
354
355
356
357
358
359
360
361
362
363
364
365
366
368
369
370
372
373
374
375
376
377
378
379
380
381
382
383
384
385
386
387
388
389
390
391
392
393
394
397
398
399
400
401
402
403
404
405
406
407
408
409
410
412
413
414
415
416
417
418
419
420
421
422
423
424
425
426
427
428
429
430
431
432
434
435
436
438
440
442
445
446
447
449
450
451
452
453
454
455
456
457
458
459
460
461
463
464
465
467
468
470
471
472
473
474
475
476
477
478
479
480
481
482
483
485
486
489
490
491
492
493
494
495
496
497
498
499
500
501
502
503
504
505
506
507
508
509
510
511
512
513
514
515
516
517
518
519
520
521
522
523
524
526
527
528
529
530
531
532
533
534
535
537
539
540
541
542
543
544
545
546
547
548
549
551
552
553
555
556
557
558
559
560
561
562
563
564
565
566
567
569
570
572
573
574
575
576
577
578
579
580
581
582
585
586
589
590
591
592
593
594
595
596
597
598
599
600
601
602
603
604
605
606
607
608
609
610
611
612
613
614
615
616
617
618
619
620
621
622
623
624
625
626
627
628
629
630
631
632
633
634
635
636
637
638
639
640
641
642
643
644
645
646
647
648
649
650
651
652
653
654
655
656
657
658
659
660
661
662
663
664
665
666
667
668
670
671
672
673
675
676
677
678
679
680
682
683
684
685
686
687
688
689
691
692
693
694
695
696
697
698
699
700
701
702
704
706
707
708
709
710
711
712
713
714
715
716
717
718
719
720
722
724
726
727
728
729
730
731
732
733
734
735
736
737
738
739
740
741
744
745
746
748
749
750
751
752
754
755
756
757
758
759
760
763
764
765
766
767
768
769
770
771
772
773
774
775
776
777
779
780
781
782
783
784
785
786
787
788
789
790
791
792
793
794
795
796
797
798
799
800
801
802
803
804
805
806
807
808
809
810
811
812
813
815
816
818
820
821
822
823
826
828
829
830
831
832
833
834
835
836
837
838
839
840
841
842
843
844
846
847
848
850
851
853
854
855
856
857
858
859
860
861
862
863
864
865
867
868
869
870
871
872
873
874
875
876
878
880
882
883
884
887
888
889
891
892
893
894
895
896
897
898
900
902
903
904
906
908
909
910
911
912
914
915
916
917
918
919
920
921
922
923
924
925
926
927
928
929
930
931
932
933
934
936
938
940
942
943
944
945
946
947
948
949
950
951
952
953
954
955
956
957
958
959
960
961
962
963
964
966
967
968
969
970
971
972
973
974
975
976
977
978
979
980
982
983
984
985
987
989
990
991
992
993
994
995
996
997
998
999
1000
1001
1002
1003
1004
1005
1006
1007
1008
1009
1012
1014
1016
1017
1018
1019
1020
1021
1022
1023
1024
1025
1026
1027
1028
1029
1030
1031
1032
1033
1035
1036
1037
1039
1040
1041
1042
1043
1044
1045
1046
1047
1048
1050
1051
1052
1053
1054
1055
1057
1058
1059
1060
1061
1062
1063
1064
1065
1066
1067
1068
1069
1070
1071
1072
1073
1074
1075
1076
1077
1078
1079
1080
1081
1082
1083
1084
1085
1086
1087
1088
1089
1090
1091
1092
1093
1095
1097
1098
1101
1102
1105
1106
1107
1108
1109
1110
1111
1112
1113
1114
1115
1116
1117
1118
1119
1120
1121
1122
1123
1124
1125
1126
1127
1128
1129
1130
1131
1132
1133
1134
1135
1136
1138
1139
1140
1141
1143
1145
1148
1150
1152
1153
1154
1155
1156
1157
1158
1159
1160
1161
1162
1163
1164
1165
1166
1167
1168
1169
1170
1171
1172
1173
1174
1176
1177
1178
1179
1180
1181
1182
1183
1184
1185
1186
1187
1188
1189
1190
1191
1192
1194
1195
1196
1197
1198
1199
1200
1202
1203
1204
1205
1206
1207
1208
1209
1210
1211
1212
1213
1214
1215
1216
1217
1218
1219
1220
1221
1222
1223
1224
1225
1226
1227
1228
1229
1230
1231
1232
1233
1234
1235
1236
1237
1238
1239
1240
1241
1242
1243
1244
1245
1246
1247
1248
1249
1250
1251
1252
1253
1254
1255
1256
1257
1258
1259
1260
1261
1262
1263
1264
1265
1267
1269
1270
1271
1272
1273
1274
1275
1276
1277
1278
1279
1280
1281
1282
1283
1284
1285
1286
1287
1288
1289
1290
1291
1292
1293
1294
1295
1296
1297
1298
1300
1301
1302
1303
1304
1305
1306
1307
1308
1309
1310
1311
1312
1314
1315
1317
1318
1319
1321
1322
1323
1324
1325
1326
1327
1328
1329
1330
1331
1332
1333
1334
1335
1336
1337
1338
1339
1340
1341
1342
1343
1344
1345
1346
1347
1348
1349
1350
1351
1352
1353
1354
1355
1357
1359
1360
1361
1362
1363
1364
1365
1366
1367
1368
1369
1370
1371
1372
1373
1374
1375
1376
1377
1378
1379
1380
1381
1382
1383
1384
1385
1387
1388
1389
1391
1392
1393
1394
1395
1396
1453
1455
1457
1459
1461
1463
1465
1467
1469
1471
1473
1475
1477
1479
1481
1483
1485
1487
1489
1491
1493
1495
1497
1499
1501
1503
1505
1507
1509
1511
1513
1515
1517
1519
1521
1523
1527
1531
1535
1539
1543
1547
1551
1555
1559
1563
1567
1571
1575
1579
1583
1587
1591
1595
1599
1610
1614
)

// ************************************************************************* //
