/*--------------------------------*- C++ -*----------------------------------*\
  =========                 |
  \\      /  F ield         | OpenFOAM: The Open Source CFD Toolbox
   \\    /   O peration     |
    \\  /    A nd           | Version: 13
     \\/     M anipulation  |
\*---------------------------------------------------------------------------*/
FoamFile
{
    version     2.0;
    format      ascii;
    class       labelList;
    location    "constant/polyMesh";
    note        "nPoints:69  nCells:192  nFaces:448  nInternalFaces:320";
    object      owner;
}
// * * * * * * * * * * * * * * * * * * * * * * * * * * * * * * * * * * * * //
448
(
0
0
0
0
1
1
1
1
2
2
2
3
3
4
4
4
4
5
5
5
5
6
6
6
7
7
7
8
8
8
9
9
10
10
10
11
11
12
12
12
12
13
13
14
14
14
15
15
16
16
16
17
17
18
18
18
19
20
20
20
21
22
22
22
23
23
24
24
24
25
25
26
26
26
27
28
28
28
29
30
30
30
31
31
31
32
33
34
34
34
34
35
35
35
36
36
36
37
37
38
40
40
40
41
41
42
44
44
44
45
45
45
45
46
46
46
47
47
48
49
49
49
50
50
50
51
52
53
53
53
54
54
55
57
57
57
58
58
59
59
59
60
60
61
61
61
62
63
63
63
64
65
65
65
66
66
67
67
67
68
68
69
69
69
70
70
71
73
73
73
74
74
74
75
75
75
76
77
78
78
78
79
79
80
82
82
83
83
84
84
85
85
86
88
88
90
92
93
94
94
96
98
98
99
100
100
100
100
101
101
102
102
102
102
103
103
104
104
106
106
106
107
107
107
108
109
110
110
110
111
111
112
114
114
114
115
115
115
116
117
118
118
118
119
120
120
120
121
121
122
124
124
124
125
125
126
128
128
129
130
130
132
132
133
134
134
135
136
137
138
138
139
140
142
143
144
144
146
146
147
148
150
151
152
152
153
154
155
156
158
159
160
162
163
164
164
165
166
166
167
168
170
171
172
172
174
175
176
178
179
180
181
182
183
184
185
186
188
189
190
8
80
9
81
43
77
42
76
18
61
19
62
15
58
14
57
32
71
33
72
39
48
38
47
26
55
27
56
23
52
22
51
82
92
89
112
88
113
90
109
91
108
83
98
86
99
87
105
85
104
97
122
96
123
94
117
95
116
84
101
93
119
126
127
128
129
174
131
175
130
177
148
176
149
172
147
173
146
171
150
170
151
152
160
153
161
162
159
163
158
168
132
169
133
167
154
166
155
184
157
185
156
187
144
186
145
181
143
180
142
179
138
178
139
165
141
164
140
182
137
183
136
190
134
191
135
189
188
)

// ************************************************************************* //
