/*--------------------------------*- C++ -*----------------------------------*\
  =========                 |
  \\      /  F ield         | OpenFOAM: The Open Source CFD Toolbox
   \\    /   O peration     |
    \\  /    A nd           | Version: 13
     \\/     M anipulation  |
\*---------------------------------------------------------------------------*/
FoamFile
{
    version     2.0;
    format      ascii;
    class       vectorField;
    location    "constant/polyMesh";
    object      points;
}
// * * * * * * * * * * * * * * * * * * * * * * * * * * * * * * * * * * * * //
69
(
(-1 1.2246468525851679e-16 -1.5)
(-1 1.2246468525851679e-16 1.5)
(-0.98078525066375732 -0.19509032368659973 -1.5)
(-0.98078525066375732 -0.19509032368659973 1.5)
(-0.98078525066375732 0.19509032368659973 -1.5)
(-0.98078525066375732 0.19509032368659973 1.5)
(-0.92387950420379639 -0.38268342614173889 -1.5)
(-0.92387950420379639 -0.38268342614173889 1.5)
(-0.92387950420379639 0.38268342614173889 -1.5)
(-0.92387950420379639 0.38268342614173889 1.5)
(-0.83146959543228149 -0.55557024478912354 -1.5)
(-0.83146959543228149 -0.55557024478912354 1.5)
(-0.83146959543228149 0.55557024478912354 -1.5)
(-0.83146959543228149 0.55557024478912354 1.5)
(-0.70710676908493042 -0.70710676908493042 -1.5)
(-0.70710676908493042 -0.70710676908493042 1.5)
(-0.70710676908493042 0.70710676908493042 -1.5)
(-0.70710676908493042 0.70710676908493042 1.5)
(-0.55557024478912354 -0.83146959543228149 -1.5)
(-0.55557024478912354 -0.83146959543228149 1.5)
(-0.55557024478912354 0.83146959543228149 -1.5)
(-0.55557024478912354 0.83146959543228149 1.5)
(-0.38268342614173889 -0.92387950420379639 -1.5)
(-0.38268342614173889 -0.92387950420379639 1.5)
(-0.38268342614173889 0.92387950420379639 -1.5)
(-0.38268342614173889 0.92387950420379639 1.5)
(-0.19509032368659973 -0.98078525066375732 -1.5)
(-0.19509032368659973 -0.98078525066375732 1.5)
(-0.19509032368659973 0.98078525066375732 -1.5)
(-0.19509032368659973 0.98078525066375732 1.5)
(-1.8369701465288538e-16 -1 -1.5)
(-1.8369701465288538e-16 -1 1.5)
(0 0 -1.5)
(0 0 1.5)
(6.1232342629258393e-17 1 -1.5)
(6.1232342629258393e-17 1 1.5)
(0.19509032368659973 -0.98078525066375732 -1.5)
(0.19509032368659973 -0.98078525066375732 1.5)
(0.19509032368659973 0.98078525066375732 -1.5)
(0.19509032368659973 0.98078525066375732 1.5)
(0.38268342614173889 -0.92387950420379639 -1.5)
(0.38268342614173889 -0.92387950420379639 1.5)
(0.38268342614173889 0.92387950420379639 -1.5)
(0.38268342614173889 0.92387950420379639 1.5)
(0.55557024478912354 -0.83146959543228149 -1.5)
(0.55557024478912354 -0.83146959543228149 1.5)
(0.55557024478912354 0.83146959543228149 -1.5)
(0.55557024478912354 0.83146959543228149 1.5)
(0.70710676908493042 -0.70710676908493042 -1.5)
(0.70710676908493042 -0.70710676908493042 1.5)
(0.70710676908493042 0.70710676908493042 -1.5)
(0.70710676908493042 0.70710676908493042 1.5)
(0.83146959543228149 -0.55557024478912354 -1.5)
(0.83146959543228149 -0.55557024478912354 1.5)
(0.83146959543228149 0.55557024478912354 -1.5)
(0.83146959543228149 0.55557024478912354 1.5)
(0.92387950420379639 -0.38268342614173889 -1.5)
(0.92387950420379639 -0.38268342614173889 1.5)
(0.92387950420379639 0.38268342614173889 -1.5)
(0.92387950420379639 0.38268342614173889 1.5)
(0.98078525066375732 -0.19509032368659973 -1.5)
(0.98078525066375732 -0.19509032368659973 1.5)
(0.98078525066375732 0.19509032368659973 -1.5)
(0.98078525066375732 0.19509032368659973 1.5)
(1 0 -1.5)
(1 0 1.5)
(1.4396956490488401e-17 -3.1483738216579204e-18 -0.84999999999999998)
(-2.3863216375880764e-17 1.4496903948347566e-16 -0.050000000000000003)
(-3.5407497977865497e-18 7.8739916621490231e-17 0.84999999999999998)
)

// ************************************************************************* //
