/*--------------------------------*- C++ -*----------------------------------*\
  =========                 |
  \\      /  F ield         | OpenFOAM: The Open Source CFD Toolbox
   \\    /   O peration     |
    \\  /    A nd           | Version: 13
     \\/     M anipulation  |
\*---------------------------------------------------------------------------*/
FoamFile
{
    version     2.0;
    format      ascii;
    class       faceList;
    location    "constant/polyMesh";
    object      faces;
}
// * * * * * * * * * * * * * * * * * * * * * * * * * * * * * * * * * * * * //
2818
(
4(1 2 162 161)
4(79 80 240 239)
4(82 79 239 242)
4(79 77 237 239)
4(79 75 235 239)
4(79 73 233 239)
4(79 84 244 239)
4(85 79 239 245)
4(84 85 245 244)
4(79 74 234 239)
4(74 73 233 234)
4(79 76 236 239)
4(79 78 238 239)
4(79 81 241 239)
4(83 79 239 243)
4(7 6 166 167)
4(6 5 165 166)
4(7 8 168 167)
4(19 18 178 179)
4(18 17 177 178)
4(19 20 180 179)
4(13 12 172 173)
4(12 11 171 172)
4(13 14 174 173)
4(48 45 205 208)
4(47 48 208 207)
4(46 45 205 206)
4(158 157 317 318)
4(157 156 316 317)
4(154 157 317 314)
4(155 154 314 315)
4(150 149 309 310)
4(149 148 308 309)
4(150 151 311 310)
4(149 146 306 309)
4(147 146 306 307)
4(6 3 163 166)
4(4 3 163 164)
4(2 3 163 162)
4(12 9 169 172)
4(10 9 169 170)
4(9 8 168 169)
4(21 24 184 181)
4(22 21 181 182)
4(23 24 184 183)
4(21 20 180 181)
4(18 15 175 178)
4(16 15 175 176)
4(15 14 174 175)
4(46 43 203 206)
4(44 43 203 204)
4(49 48 208 209)
4(49 50 210 209)
4(49 52 212 209)
4(51 52 212 211)
4(70 67 227 230)
4(69 70 230 229)
4(68 67 227 228)
4(70 71 231 230)
4(71 72 232 231)
4(66 67 227 226)
4(66 65 225 226)
4(155 152 312 315)
4(153 152 312 313)
4(152 151 311 312)
4(98 101 261 258)
4(99 98 258 259)
4(100 101 261 260)
4(145 146 306 305)
4(145 144 304 305)
4(44 41 201 204)
4(42 41 201 202)
4(53 52 212 213)
4(53 54 214 213)
4(53 56 216 213)
4(55 56 216 215)
4(57 56 216 217)
4(57 58 218 217)
4(87 84 244 247)
4(86 87 247 246)
4(71 74 234 231)
4(92 91 251 252)
4(91 90 250 251)
4(92 93 253 252)
4(95 92 252 255)
4(94 95 255 254)
4(96 95 255 256)
4(96 97 257 256)
4(99 96 256 259)
4(42 39 199 202)
4(40 39 199 200)
4(59 58 218 219)
4(59 60 220 219)
4(89 90 250 249)
4(89 88 248 249)
4(86 89 249 246)
4(145 142 302 305)
4(143 142 302 303)
4(141 142 302 301)
4(141 140 300 301)
4(141 138 298 301)
4(139 138 298 299)
4(137 138 298 297)
4(137 136 296 297)
4(131 128 288 291)
4(130 131 291 290)
4(129 128 288 289)
4(131 132 292 291)
4(132 133 293 292)
4(120 123 283 280)
4(121 120 280 281)
4(122 123 283 282)
4(108 111 271 268)
4(109 108 268 269)
4(110 111 271 270)
4(104 103 263 264)
4(103 102 262 263)
4(104 105 265 264)
4(100 103 263 260)
4(106 105 265 266)
4(106 107 267 266)
4(109 106 266 269)
4(40 37 197 200)
4(38 37 197 198)
4(66 63 223 226)
4(64 63 223 224)
4(117 114 274 277)
4(116 117 277 276)
4(115 114 274 275)
4(132 135 295 292)
4(134 135 295 294)
4(135 136 296 295)
4(122 125 285 282)
4(124 125 285 284)
4(113 114 274 273)
4(113 112 272 273)
4(110 113 273 270)
4(38 35 195 198)
4(36 35 195 196)
4(61 60 220 221)
4(61 62 222 221)
4(64 61 221 224)
4(119 120 280 279)
4(119 118 278 279)
4(116 119 279 276)
4(127 128 288 287)
4(127 126 286 287)
4(124 127 287 284)
4(36 33 193 196)
4(34 33 193 194)
4(34 31 191 194)
4(32 31 191 192)
4(25 24 184 185)
4(25 26 186 185)
4(25 28 188 185)
4(27 28 188 187)
4(32 29 189 192)
4(30 29 189 190)
4(29 28 188 189)
3(0 2 1)
3(320 0 2)
3(320 2 322)
4(322 2 1 321)
3(321 1 320)
3(1 0 320)
3(161 162 160)
4(481 161 162 482)
3(482 162 480)
3(162 160 480)
3(480 160 161)
3(480 161 481)
3(82 80 79)
4(402 82 80 400)
3(400 80 399)
3(80 79 399)
3(399 79 82)
3(399 82 402)
3(239 240 242)
3(559 239 240)
3(559 240 560)
4(560 240 242 562)
3(562 242 559)
3(242 239 559)
3(77 79 80)
3(397 77 399)
3(77 79 399)
4(400 80 77 397)
3(240 239 237)
3(559 239 237)
3(559 237 557)
4(557 237 240 560)
3(77 75 79)
4(397 77 75 395)
3(395 75 399)
3(75 79 399)
3(239 235 237)
3(559 239 235)
3(559 235 555)
4(555 235 237 557)
3(75 73 79)
4(395 75 73 393)
3(393 73 399)
3(73 79 399)
3(239 233 235)
3(559 239 233)
3(559 233 553)
4(553 233 235 555)
3(85 84 79)
4(405 85 84 404)
3(404 84 399)
3(84 79 399)
3(399 79 85)
3(399 85 405)
3(239 244 245)
3(559 239 244)
3(559 244 564)
4(564 244 245 565)
3(565 245 559)
3(245 239 559)
3(82 79 84)
4(404 84 82 402)
3(244 239 242)
4(562 242 244 564)
3(73 74 79)
4(393 73 74 394)
3(394 74 399)
3(74 79 399)
3(239 234 233)
3(559 239 234)
3(559 234 554)
4(554 234 233 553)
3(76 79 74)
3(396 76 399)
3(76 79 399)
4(394 74 76 396)
3(234 239 236)
3(559 239 236)
3(559 236 556)
4(556 236 234 554)
3(76 78 79)
4(396 76 78 398)
3(398 78 399)
3(78 79 399)
3(239 238 236)
3(559 239 238)
3(559 238 558)
4(558 238 236 556)
3(79 78 81)
4(398 78 81 401)
3(401 81 399)
3(81 79 399)
3(241 238 239)
4(561 241 238 558)
3(559 239 241)
3(559 241 561)
3(85 79 83)
3(399 79 83)
3(399 83 403)
4(403 83 85 405)
3(243 239 245)
3(563 243 559)
3(243 239 559)
4(565 245 243 563)
3(79 81 83)
4(401 81 83 403)
3(243 241 239)
4(563 243 241 561)
3(6 7 5)
3(326 6 327)
3(6 7 327)
3(327 7 325)
3(7 5 325)
4(325 5 6 326)
3(165 167 166)
3(485 165 167)
3(485 167 487)
3(487 167 166)
3(487 166 486)
4(486 166 165 485)
3(6 8 7)
3(326 6 328)
3(6 8 328)
4(328 8 7 327)
3(167 168 166)
4(487 167 168 488)
3(488 168 166)
3(488 166 486)
3(18 19 17)
3(338 18 339)
3(18 19 339)
3(339 19 17)
3(339 17 337)
4(337 17 18 338)
3(177 179 178)
3(497 177 499)
3(177 179 499)
3(499 179 178)
3(499 178 498)
4(498 178 177 497)
3(20 19 18)
4(340 20 19 339)
3(338 18 340)
3(18 20 340)
3(178 179 180)
4(499 179 180 500)
3(500 180 178)
3(500 178 498)
3(11 12 13)
4(331 11 12 332)
3(332 12 333)
3(12 13 333)
3(333 13 11)
3(333 11 331)
3(173 172 171)
3(493 173 172)
3(493 172 492)
4(492 172 171 491)
3(491 171 493)
3(171 173 493)
3(14 13 12)
4(334 14 13 333)
3(332 12 334)
3(12 14 334)
3(172 173 174)
4(493 173 174 494)
3(494 174 172)
3(494 172 492)
3(48 47 45)
4(368 48 47 367)
4(367 47 45 365)
3(365 45 368)
3(45 48 368)
3(205 207 208)
4(525 205 207 527)
4(527 207 208 528)
3(528 208 205)
3(528 205 525)
3(46 48 45)
4(366 46 48 368)
4(365 45 46 366)
3(205 208 206)
4(528 208 206 526)
4(526 206 205 525)
3(158 156 157)
3(478 158 156)
3(478 156 476)
3(476 156 477)
3(156 157 477)
3(477 157 158)
3(477 158 478)
3(317 316 318)
3(637 317 316)
3(637 316 636)
3(636 316 638)
3(316 318 638)
3(638 318 637)
3(318 317 637)
3(158 157 159)
3(477 157 159)
3(477 159 479)
3(479 159 478)
3(159 158 478)
3(319 317 318)
3(639 319 637)
3(319 317 637)
3(638 318 319)
3(638 319 639)
3(154 155 157)
3(474 154 155)
3(474 155 475)
4(475 155 157 477)
3(477 157 154)
3(477 154 474)
3(317 315 314)
4(637 317 315 635)
3(635 315 634)
3(315 314 634)
3(634 314 637)
3(314 317 637)
3(154 157 156)
4(476 156 154 474)
3(316 317 314)
4(634 314 316 636)
3(149 150 148)
3(469 149 470)
3(149 150 470)
4(470 150 148 468)
4(468 148 149 469)
3(308 310 309)
4(628 308 310 630)
3(630 310 309)
3(630 309 629)
4(629 309 308 628)
3(151 150 149)
4(471 151 150 470)
4(469 149 151 471)
3(309 310 311)
4(630 310 311 631)
4(631 311 309 629)
3(149 148 146)
4(468 148 146 466)
3(466 146 149)
3(466 149 469)
3(306 308 309)
4(626 306 308 628)
3(629 309 626)
3(309 306 626)
3(147 149 146)
4(467 147 149 469)
4(466 146 147 467)
3(306 309 307)
4(629 309 307 627)
4(627 307 306 626)
3(6 5 3)
3(325 5 3)
3(325 3 323)
3(323 3 326)
3(3 6 326)
3(163 165 166)
3(483 163 485)
3(163 165 485)
3(486 166 163)
3(486 163 483)
3(6 3 4)
4(323 3 4 324)
3(324 4 6)
3(324 6 326)
3(164 163 166)
4(484 164 163 483)
3(486 166 484)
3(166 164 484)
3(2 4 3)
3(322 2 324)
3(2 4 324)
3(323 3 322)
3(3 2 322)
3(163 164 162)
3(484 164 162)
3(484 162 482)
3(482 162 163)
3(482 163 483)
3(2 3 1)
3(323 3 321)
3(3 1 321)
3(161 163 162)
3(481 161 163)
3(481 163 483)
3(11 9 12)
3(331 11 9)
3(331 9 329)
3(329 9 332)
3(9 12 332)
3(172 169 171)
3(492 172 169)
3(492 169 489)
3(489 169 491)
3(169 171 491)
3(10 12 9)
3(330 10 12)
3(330 12 332)
4(329 9 10 330)
3(169 172 170)
3(492 172 490)
3(172 170 490)
4(490 170 169 489)
3(8 9 7)
3(328 8 329)
3(8 9 329)
3(329 9 7)
3(329 7 327)
3(167 169 168)
3(487 167 489)
3(167 169 489)
3(489 169 168)
3(489 168 488)
3(10 9 8)
3(328 8 330)
3(8 10 330)
3(168 169 170)
3(490 170 168)
3(490 168 488)
3(24 21 22)
3(344 24 21)
3(344 21 341)
4(341 21 22 342)
3(342 22 344)
3(22 24 344)
3(182 181 184)
4(502 182 181 501)
3(501 181 504)
3(181 184 504)
3(504 184 182)
3(504 182 502)
3(23 21 24)
3(343 23 341)
3(23 21 341)
4(344 24 23 343)
3(184 181 183)
3(501 181 183)
3(501 183 503)
4(503 183 184 504)
3(20 21 19)
3(340 20 341)
3(20 21 341)
3(341 21 19)
3(341 19 339)
3(179 181 180)
3(499 179 501)
3(179 181 501)
3(501 181 180)
3(501 180 500)
3(20 22 21)
3(340 20 22)
3(340 22 342)
3(181 182 180)
3(502 182 500)
3(182 180 500)
3(18 17 15)
3(337 17 15)
3(337 15 335)
3(335 15 338)
3(15 18 338)
3(175 177 178)
3(495 175 497)
3(175 177 497)
3(498 178 175)
3(498 175 495)
3(16 18 15)
3(336 16 338)
3(16 18 338)
4(335 15 16 336)
3(175 178 176)
3(498 178 176)
3(498 176 496)
4(496 176 175 495)
3(14 15 13)
3(334 14 335)
3(14 15 335)
3(335 15 13)
3(335 13 333)
3(173 175 174)
3(493 173 495)
3(173 175 495)
3(495 175 174)
3(495 174 494)
3(14 16 15)
3(334 14 336)
3(14 16 336)
3(175 176 174)
3(496 176 174)
3(496 174 494)
3(46 45 43)
3(365 45 43)
3(365 43 363)
3(363 43 366)
3(43 46 366)
3(203 205 206)
3(523 203 525)
3(203 205 525)
3(526 206 203)
3(526 203 523)
3(46 43 44)
4(363 43 44 364)
3(364 44 366)
3(44 46 366)
3(204 203 206)
4(524 204 203 523)
3(526 206 204)
3(526 204 524)
3(48 49 47)
3(368 48 369)
3(48 49 369)
4(369 49 47 367)
3(207 209 208)
4(527 207 209 529)
3(529 209 208)
3(529 208 528)
3(50 49 48)
4(370 50 49 369)
4(368 48 50 370)
3(208 209 210)
4(529 209 210 530)
4(530 210 208 528)
3(50 52 49)
4(370 50 52 372)
3(372 52 49)
3(372 49 369)
3(209 212 210)
3(529 209 532)
3(209 212 532)
4(532 212 210 530)
3(52 51 49)
4(372 52 51 371)
4(371 51 49 369)
3(209 211 212)
4(529 209 211 531)
4(531 211 212 532)
3(69 67 70)
4(389 69 67 387)
3(387 67 70)
3(387 70 390)
4(390 70 69 389)
3(230 227 229)
3(550 230 547)
3(230 227 547)
4(547 227 229 549)
4(549 229 230 550)
3(68 70 67)
4(388 68 70 390)
4(387 67 68 388)
3(227 230 228)
4(550 230 228 548)
4(548 228 227 547)
3(71 70 72)
3(391 71 390)
3(71 70 390)
4(390 70 72 392)
4(392 72 71 391)
3(232 230 231)
4(552 232 230 550)
3(550 230 231)
3(550 231 551)
4(551 231 232 552)
3(71 69 70)
4(391 71 69 389)
3(230 229 231)
4(549 229 231 551)
3(68 67 66)
3(387 67 386)
3(67 66 386)
4(386 66 68 388)
3(226 227 228)
3(546 226 227)
3(546 227 547)
4(548 228 226 546)
3(65 66 67)
4(385 65 66 386)
4(387 67 65 385)
3(227 226 225)
4(546 226 225 545)
4(545 225 227 547)
3(154 152 155)
4(474 154 152 472)
3(472 152 475)
3(152 155 475)
3(315 312 314)
3(635 315 312)
3(635 312 632)
4(632 312 314 634)
3(153 155 152)
4(473 153 155 475)
3(472 152 153)
3(472 153 473)
3(312 315 313)
4(635 315 313 633)
3(633 313 632)
3(313 312 632)
3(151 152 150)
3(471 151 152)
3(471 152 472)
4(472 152 150 470)
3(310 312 311)
4(630 310 312 632)
3(632 312 631)
3(312 311 631)
3(151 153 152)
4(471 151 153 473)
3(312 313 311)
4(633 313 311 631)
3(99 101 98)
4(419 99 101 421)
3(421 101 418)
3(101 98 418)
4(418 98 99 419)
3(258 261 259)
3(578 258 261)
3(578 261 581)
4(581 261 259 579)
4(579 259 258 578)
3(100 98 101)
4(420 100 98 418)
4(421 101 100 420)
3(261 258 260)
4(578 258 260 580)
4(580 260 261 581)
3(147 146 145)
3(466 146 465)
3(146 145 465)
4(465 145 147 467)
3(305 306 307)
3(625 305 306)
3(625 306 626)
4(627 307 305 625)
3(144 145 146)
4(464 144 145 465)
4(466 146 144 464)
3(306 305 304)
4(625 305 304 624)
4(624 304 306 626)
3(44 43 41)
3(363 43 41)
3(363 41 361)
3(361 41 364)
3(41 44 364)
3(201 203 204)
3(521 201 523)
3(201 203 523)
3(524 204 201)
3(524 201 521)
3(42 44 41)
3(362 42 364)
3(42 44 364)
4(361 41 42 362)
3(201 204 202)
3(524 204 202)
3(524 202 522)
4(522 202 201 521)
3(52 53 51)
3(372 52 373)
3(52 53 373)
4(373 53 51 371)
3(211 213 212)
4(531 211 213 533)
3(533 213 212)
3(533 212 532)
3(54 53 52)
4(374 54 53 373)
4(372 52 54 374)
3(212 213 214)
4(533 213 214 534)
4(534 214 212 532)
3(54 56 53)
4(374 54 56 376)
3(376 56 53)
3(376 53 373)
3(213 216 214)
3(533 213 536)
3(213 216 536)
4(536 216 214 534)
3(56 55 53)
4(376 56 55 375)
4(375 55 53 373)
3(213 215 216)
4(533 213 215 535)
4(535 215 216 536)
3(56 57 55)
3(376 56 57)
3(376 57 377)
4(377 57 55 375)
3(215 217 216)
4(535 215 217 537)
3(537 217 536)
3(217 216 536)
3(58 57 56)
4(378 58 57 377)
4(376 56 58 378)
3(216 217 218)
4(537 217 218 538)
4(538 218 216 536)
3(86 84 87)
4(406 86 84 404)
3(404 84 87)
3(404 87 407)
4(407 87 86 406)
3(247 244 246)
3(567 247 564)
3(247 244 564)
4(564 244 246 566)
4(566 246 247 567)
3(85 87 84)
4(405 85 87 407)
3(244 247 245)
4(567 247 245 565)
3(71 72 74)
4(392 72 74 394)
3(394 74 391)
3(74 71 391)
3(234 232 231)
4(554 234 232 552)
3(551 231 234)
3(551 234 554)
3(71 74 73)
4(393 73 71 391)
3(233 234 231)
4(551 231 233 553)
3(90 91 92)
4(410 90 91 411)
3(411 91 92)
3(411 92 412)
4(412 92 90 410)
3(252 251 250)
3(572 252 571)
3(252 251 571)
4(571 251 250 570)
4(570 250 252 572)
3(91 93 92)
4(411 91 93 413)
4(413 93 92 412)
3(252 253 251)
4(572 252 253 573)
4(573 253 251 571)
3(95 94 92)
4(415 95 94 414)
4(414 94 92 412)
3(412 92 95)
3(412 95 415)
3(252 254 255)
4(572 252 254 574)
4(574 254 255 575)
3(575 255 572)
3(255 252 572)
3(95 92 93)
4(413 93 95 415)
3(253 252 255)
4(575 255 253 573)
3(95 96 94)
3(415 95 96)
3(415 96 416)
4(416 96 94 414)
3(254 256 255)
4(574 254 256 576)
3(576 256 575)
3(256 255 575)
3(95 97 96)
4(415 95 97 417)
4(417 97 96 416)
3(256 257 255)
4(576 256 257 577)
4(577 257 255 575)
3(99 98 96)
4(418 98 96 416)
3(416 96 99)
3(416 99 419)
3(256 258 259)
4(576 256 258 578)
3(579 259 576)
3(259 256 576)
3(99 96 97)
4(417 97 99 419)
3(257 256 259)
4(579 259 257 577)
3(42 41 39)
3(361 41 39)
3(361 39 359)
3(359 39 362)
3(39 42 362)
3(199 201 202)
3(519 199 521)
3(199 201 521)
3(522 202 199)
3(522 199 519)
3(42 39 40)
4(359 39 40 360)
3(360 40 362)
3(40 42 362)
3(200 199 202)
4(520 200 199 519)
3(522 202 200)
3(522 200 520)
3(58 59 57)
3(378 58 379)
3(58 59 379)
4(379 59 57 377)
3(217 219 218)
4(537 217 219 539)
3(539 219 218)
3(539 218 538)
3(58 60 59)
4(378 58 60 380)
4(380 60 59 379)
3(219 220 218)
4(539 219 220 540)
4(540 220 218 538)
3(90 89 91)
3(410 90 409)
3(90 89 409)
4(409 89 91 411)
3(251 249 250)
4(571 251 249 569)
3(569 249 250)
3(569 250 570)
3(90 88 89)
4(410 90 88 408)
4(408 88 89 409)
3(249 248 250)
4(569 249 248 568)
4(568 248 250 570)
3(86 87 89)
4(407 87 89 409)
3(409 89 86)
3(409 86 406)
3(249 247 246)
4(569 249 247 567)
3(566 246 569)
3(246 249 569)
3(86 89 88)
4(408 88 86 406)
3(248 249 246)
4(566 246 248 568)
3(144 142 145)
4(464 144 142 462)
3(462 142 145)
3(462 145 465)
3(305 302 304)
3(625 305 622)
3(305 302 622)
4(622 302 304 624)
3(143 145 142)
4(463 143 145 465)
4(462 142 143 463)
3(302 305 303)
4(625 305 303 623)
4(623 303 302 622)
3(143 142 141)
3(462 142 461)
3(142 141 461)
4(461 141 143 463)
3(301 302 303)
3(621 301 302)
3(621 302 622)
4(623 303 301 621)
3(141 142 140)
4(462 142 140 460)
4(460 140 141 461)
3(300 302 301)
4(620 300 302 622)
4(621 301 300 620)
3(141 140 138)
4(460 140 138 458)
3(458 138 141)
3(458 141 461)
3(298 300 301)
4(618 298 300 620)
3(621 301 618)
3(301 298 618)
3(139 141 138)
4(459 139 141 461)
4(458 138 139 459)
3(298 301 299)
4(621 301 299 619)
4(619 299 298 618)
3(139 138 137)
3(458 138 457)
3(138 137 457)
4(457 137 139 459)
3(297 298 299)
3(617 297 298)
3(617 298 618)
4(619 299 297 617)
3(136 137 138)
4(456 136 137 457)
4(458 138 136 456)
3(298 297 296)
4(617 297 296 616)
4(616 296 298 618)
3(128 131 130)
3(448 128 131)
3(448 131 451)
4(451 131 130 450)
4(450 130 128 448)
3(290 291 288)
4(610 290 291 611)
3(611 291 608)
3(291 288 608)
4(608 288 290 610)
3(128 129 131)
4(448 128 129 449)
4(449 129 131 451)
3(291 289 288)
4(611 291 289 609)
4(609 289 288 608)
3(132 131 133)
3(452 132 451)
3(132 131 451)
4(451 131 133 453)
4(453 133 132 452)
3(293 291 292)
4(613 293 291 611)
3(611 291 292)
3(611 292 612)
4(612 292 293 613)
3(132 130 131)
4(452 132 130 450)
3(291 290 292)
4(610 290 292 612)
3(120 121 123)
4(440 120 121 441)
4(441 121 123 443)
3(443 123 440)
3(123 120 440)
3(283 281 280)
4(603 283 281 601)
4(601 281 280 600)
3(600 280 283)
3(600 283 603)
3(122 120 123)
4(442 122 120 440)
4(443 123 122 442)
3(283 280 282)
4(600 280 282 602)
4(602 282 283 603)
3(109 111 108)
4(429 109 111 431)
3(431 111 428)
3(111 108 428)
4(428 108 109 429)
3(268 271 269)
3(588 268 271)
3(588 271 591)
4(591 271 269 589)
4(589 269 268 588)
3(110 108 111)
4(430 110 108 428)
4(431 111 110 430)
3(271 268 270)
4(588 268 270 590)
4(590 270 271 591)
3(104 102 103)
4(424 104 102 422)
4(422 102 103 423)
3(423 103 104)
3(423 104 424)
3(263 262 264)
4(583 263 262 582)
4(582 262 264 584)
3(584 264 583)
3(264 263 583)
3(105 104 103)
4(425 105 104 424)
4(423 103 105 425)
3(263 264 265)
4(584 264 265 585)
4(585 265 263 583)
3(100 101 103)
4(421 101 103 423)
3(423 103 420)
3(103 100 420)
3(263 261 260)
4(583 263 261 581)
3(580 260 263)
3(580 263 583)
3(100 103 102)
4(422 102 100 420)
3(262 263 260)
4(580 260 262 582)
3(105 106 104)
3(425 105 106)
3(425 106 426)
4(426 106 104 424)
3(264 266 265)
4(584 264 266 586)
3(586 266 585)
3(266 265 585)
3(105 107 106)
4(425 105 107 427)
4(427 107 106 426)
3(266 267 265)
4(586 266 267 587)
4(587 267 265 585)
3(109 108 106)
4(428 108 106 426)
3(426 106 109)
3(426 109 429)
3(266 268 269)
4(586 266 268 588)
3(589 269 586)
3(269 266 586)
3(109 106 107)
4(427 107 109 429)
3(267 266 269)
4(589 269 267 587)
3(40 39 37)
3(359 39 37)
3(359 37 357)
3(357 37 360)
3(37 40 360)
3(197 199 200)
3(517 197 519)
3(197 199 519)
3(520 200 197)
3(520 197 517)
3(38 40 37)
3(358 38 360)
3(38 40 360)
4(357 37 38 358)
3(197 200 198)
3(520 200 198)
3(520 198 518)
4(518 198 197 517)
3(65 63 66)
4(385 65 63 383)
3(383 63 386)
3(63 66 386)
3(226 223 225)
3(546 226 223)
3(546 223 543)
4(543 223 225 545)
3(64 66 63)
4(384 64 66 386)
4(383 63 64 384)
3(223 226 224)
4(546 226 224 544)
4(544 224 223 543)
3(116 114 117)
4(436 116 114 434)
3(434 114 117)
3(434 117 437)
4(437 117 116 436)
3(277 274 276)
3(597 277 594)
3(277 274 594)
4(594 274 276 596)
4(596 276 277 597)
3(115 117 114)
4(435 115 117 437)
4(434 114 115 435)
3(274 277 275)
4(597 277 275 595)
4(595 275 274 594)
3(132 133 135)
4(453 133 135 455)
3(455 135 452)
3(135 132 452)
3(295 293 292)
4(615 295 293 613)
3(612 292 295)
3(612 295 615)
3(132 135 134)
4(455 135 134 454)
4(454 134 132 452)
3(294 295 292)
4(614 294 295 615)
4(612 292 294 614)
3(136 135 137)
3(456 136 455)
3(136 135 455)
4(455 135 137 457)
3(297 295 296)
4(617 297 295 615)
3(615 295 296)
3(615 296 616)
3(136 134 135)
4(456 136 134 454)
3(295 294 296)
4(614 294 296 616)
3(122 123 125)
4(443 123 125 445)
3(445 125 442)
3(125 122 442)
3(285 283 282)
4(605 285 283 603)
3(602 282 285)
3(602 285 605)
3(122 125 124)
4(445 125 124 444)
4(444 124 122 442)
3(284 285 282)
4(604 284 285 605)
4(602 282 284 604)
3(115 114 113)
3(434 114 433)
3(114 113 433)
4(433 113 115 435)
3(273 274 275)
3(593 273 274)
3(593 274 594)
4(595 275 273 593)
3(114 112 113)
4(434 114 112 432)
4(432 112 113 433)
3(273 272 274)
4(593 273 272 592)
4(592 272 274 594)
3(110 111 113)
4(431 111 113 433)
3(433 113 430)
3(113 110 430)
3(273 271 270)
4(593 273 271 591)
3(590 270 273)
3(590 273 593)
3(110 113 112)
4(432 112 110 430)
3(272 273 270)
4(590 270 272 592)
3(38 37 35)
3(357 37 35)
3(357 35 355)
3(355 35 358)
3(35 38 358)
3(195 197 198)
3(515 195 517)
3(195 197 517)
3(518 198 195)
3(518 195 515)
3(38 35 36)
4(355 35 36 356)
3(356 36 358)
3(36 38 358)
3(196 195 198)
4(516 196 195 515)
3(518 198 196)
3(518 196 516)
3(60 61 59)
3(380 60 381)
3(60 61 381)
4(381 61 59 379)
3(219 221 220)
4(539 219 221 541)
3(541 221 220)
3(541 220 540)
3(60 62 61)
4(380 60 62 382)
4(382 62 61 381)
3(221 222 220)
4(541 221 222 542)
4(542 222 220 540)
3(64 63 61)
4(383 63 61 381)
3(381 61 64)
3(381 64 384)
3(221 223 224)
4(541 221 223 543)
3(544 224 541)
3(224 221 541)
3(64 61 62)
4(382 62 64 384)
3(222 221 224)
4(544 224 222 542)
3(120 119 121)
3(440 120 439)
3(120 119 439)
4(439 119 121 441)
3(281 279 280)
4(601 281 279 599)
3(599 279 280)
3(599 280 600)
3(120 118 119)
4(440 120 118 438)
4(438 118 119 439)
3(279 278 280)
4(599 279 278 598)
4(598 278 280 600)
3(116 117 119)
4(437 117 119 439)
3(439 119 436)
3(119 116 436)
3(279 277 276)
4(599 279 277 597)
3(596 276 279)
3(596 279 599)
3(116 119 118)
4(438 118 116 436)
3(278 279 276)
4(596 276 278 598)
3(128 127 129)
3(448 128 447)
3(128 127 447)
4(447 127 129 449)
3(289 287 288)
4(609 289 287 607)
3(607 287 288)
3(607 288 608)
3(128 126 127)
4(448 128 126 446)
4(446 126 127 447)
3(287 286 288)
4(607 287 286 606)
4(606 286 288 608)
3(124 125 127)
4(445 125 127 447)
3(447 127 444)
3(127 124 444)
3(287 285 284)
4(607 287 285 605)
3(604 284 287)
3(604 287 607)
3(124 127 126)
4(446 126 124 444)
3(286 287 284)
4(604 284 286 606)
3(36 35 33)
3(355 35 33)
3(355 33 353)
3(353 33 356)
3(33 36 356)
3(193 195 196)
3(513 193 515)
3(193 195 515)
3(516 196 193)
3(516 193 513)
3(34 36 33)
3(354 34 356)
3(34 36 356)
4(353 33 34 354)
3(193 196 194)
3(516 196 194)
3(516 194 514)
4(514 194 193 513)
3(34 33 31)
3(353 33 31)
3(353 31 351)
3(351 31 354)
3(31 34 354)
3(191 193 194)
3(511 191 513)
3(191 193 513)
3(514 194 191)
3(514 191 511)
3(34 31 32)
4(351 31 32 352)
3(352 32 354)
3(32 34 354)
3(192 191 194)
4(512 192 191 511)
3(514 194 192)
3(514 192 512)
3(23 24 25)
3(344 24 345)
3(24 25 345)
3(345 25 23)
3(345 23 343)
3(185 184 183)
3(505 185 184)
3(505 184 504)
3(503 183 505)
3(183 185 505)
3(24 26 25)
3(344 24 26)
3(344 26 346)
4(346 26 25 345)
3(185 186 184)
4(505 185 186 506)
3(506 186 504)
3(186 184 504)
3(28 25 26)
3(348 28 25)
3(348 25 345)
3(346 26 348)
3(26 28 348)
3(186 185 188)
3(505 185 508)
3(185 188 508)
3(508 188 186)
3(508 186 506)
3(28 27 25)
4(348 28 27 347)
3(347 27 345)
3(27 25 345)
3(185 187 188)
3(505 185 187)
3(505 187 507)
4(507 187 188 508)
3(32 31 29)
3(351 31 349)
3(31 29 349)
3(349 29 352)
3(29 32 352)
3(189 191 192)
3(509 189 191)
3(509 191 511)
3(512 192 189)
3(512 189 509)
3(30 32 29)
3(350 30 352)
3(30 32 352)
4(349 29 30 350)
3(189 192 190)
3(512 192 190)
3(512 190 510)
4(510 190 189 509)
3(28 29 27)
3(348 28 349)
3(28 29 349)
3(349 29 27)
3(349 27 347)
3(187 189 188)
3(507 187 509)
3(187 189 509)
3(509 189 188)
3(509 188 508)
3(28 30 29)
3(348 28 30)
3(348 30 350)
3(189 190 188)
3(510 190 508)
3(190 188 508)
3(2 0 160)
4(320 0 160 480)
3(480 160 2)
3(480 2 322)
3(2 160 162)
4(482 162 2 322)
3(0 1 161)
4(321 1 161 481)
3(481 161 320)
3(161 0 320)
3(0 161 160)
3(80 82 242)
4(402 82 242 562)
3(562 242 80)
3(562 80 400)
3(80 242 240)
4(560 240 80 400)
3(77 80 240)
3(560 240 397)
3(240 77 397)
3(77 240 237)
4(557 237 77 397)
3(75 77 237)
3(557 237 395)
3(237 75 395)
3(75 237 235)
4(555 235 75 395)
3(73 75 235)
3(555 235 393)
3(235 73 393)
3(73 235 233)
4(553 233 73 393)
3(82 84 244)
4(404 84 244 564)
3(564 244 82)
3(564 82 402)
3(82 244 242)
3(76 74 234)
4(394 74 234 554)
3(554 234 76)
3(554 76 396)
3(76 234 236)
4(556 236 76 396)
3(78 76 236)
3(556 236 78)
3(556 78 398)
3(78 236 238)
4(558 238 78 398)
3(81 78 238)
3(558 238 81)
3(558 81 401)
3(81 238 241)
4(561 241 81 401)
3(85 83 243)
4(403 83 243 563)
3(563 243 405)
3(243 85 405)
3(85 243 245)
4(565 245 85 405)
3(83 81 241)
3(561 241 403)
3(241 83 403)
3(83 241 243)
3(5 7 167)
4(327 7 167 487)
3(487 167 325)
3(167 5 325)
3(5 167 165)
4(485 165 5 325)
3(8 6 166)
4(326 6 166 486)
3(486 166 328)
3(166 8 328)
3(8 166 168)
4(488 168 8 328)
3(17 19 179)
4(339 19 179 499)
3(499 179 17)
3(499 17 337)
3(17 179 177)
4(497 177 17 337)
3(20 18 178)
4(338 18 178 498)
3(498 178 340)
3(178 20 340)
3(20 178 180)
4(500 180 20 340)
3(11 13 173)
4(333 13 173 493)
3(493 173 11)
3(493 11 331)
3(11 173 171)
4(491 171 11 331)
3(14 12 172)
4(332 12 172 492)
3(492 172 334)
3(172 14 334)
3(14 172 174)
4(494 174 14 334)
3(45 47 207)
4(367 47 207 527)
3(527 207 365)
3(207 45 365)
3(45 207 205)
4(525 205 45 365)
3(48 46 206)
4(366 46 206 526)
3(526 206 368)
3(206 48 368)
3(48 206 208)
4(528 208 48 368)
3(156 158 318)
4(478 158 318 638)
3(638 318 156)
3(638 156 476)
3(156 318 316)
4(636 316 156 476)
3(159 157 317)
4(477 157 317 637)
3(637 317 479)
3(317 159 479)
3(159 317 319)
4(639 319 159 479)
3(158 159 319)
3(639 319 158)
3(639 158 478)
3(158 319 318)
3(157 155 315)
4(475 155 315 635)
3(635 315 157)
3(635 157 477)
3(157 315 317)
3(154 156 316)
3(636 316 154)
3(636 154 474)
3(154 316 314)
4(634 314 154 474)
3(148 150 310)
4(470 150 310 630)
3(630 310 468)
3(310 148 468)
3(148 310 308)
4(628 308 148 468)
3(151 149 309)
4(469 149 309 629)
3(629 309 471)
3(309 151 471)
3(151 309 311)
4(631 311 151 471)
3(146 148 308)
3(628 308 146)
3(628 146 466)
3(146 308 306)
4(626 306 146 466)
3(149 147 307)
4(467 147 307 627)
3(627 307 149)
3(627 149 469)
3(149 307 309)
3(3 5 165)
3(485 165 3)
3(485 3 323)
3(3 165 163)
4(483 163 3 323)
3(6 4 164)
4(324 4 164 484)
3(484 164 6)
3(484 6 326)
3(6 164 166)
3(4 2 162)
3(482 162 324)
3(162 4 324)
3(4 162 164)
3(1 3 163)
3(483 163 321)
3(163 1 321)
3(1 163 161)
3(9 11 171)
3(491 171 9)
3(491 9 329)
3(9 171 169)
4(489 169 9 329)
3(12 10 170)
4(330 10 170 490)
3(490 170 12)
3(490 12 332)
3(12 170 172)
3(7 9 169)
3(489 169 7)
3(489 7 327)
3(7 169 167)
3(10 8 168)
3(488 168 330)
3(168 10 330)
3(10 168 170)
3(24 22 182)
4(342 22 182 502)
3(502 182 344)
3(182 24 344)
3(24 182 184)
4(504 184 24 344)
3(21 23 183)
4(343 23 183 503)
3(503 183 341)
3(183 21 341)
3(21 183 181)
4(501 181 21 341)
3(19 21 181)
3(501 181 19)
3(501 19 339)
3(19 181 179)
3(22 20 180)
3(500 180 22)
3(500 22 342)
3(22 180 182)
3(15 17 177)
3(497 177 15)
3(497 15 335)
3(15 177 175)
4(495 175 15 335)
3(18 16 176)
4(336 16 176 496)
3(496 176 338)
3(176 18 338)
3(18 176 178)
3(13 15 175)
3(495 175 13)
3(495 13 333)
3(13 175 173)
3(16 14 174)
3(494 174 336)
3(174 16 336)
3(16 174 176)
3(43 45 205)
3(525 205 43)
3(525 43 363)
3(43 205 203)
4(523 203 43 363)
3(46 44 204)
4(364 44 204 524)
3(524 204 366)
3(204 46 366)
3(46 204 206)
3(47 49 209)
4(369 49 209 529)
3(529 209 47)
3(529 47 367)
3(47 209 207)
3(50 48 208)
3(528 208 50)
3(528 50 370)
3(50 208 210)
4(530 210 50 370)
3(52 50 210)
3(530 210 372)
3(210 52 372)
3(52 210 212)
4(532 212 52 372)
3(49 51 211)
4(371 51 211 531)
3(531 211 369)
3(211 49 369)
3(49 211 209)
3(67 69 229)
4(389 69 229 549)
3(549 229 387)
3(229 67 387)
3(67 229 227)
4(547 227 67 387)
3(70 68 228)
4(388 68 228 548)
3(548 228 390)
3(228 70 390)
3(70 228 230)
4(550 230 70 390)
3(72 70 230)
3(550 230 72)
3(550 72 392)
3(72 230 232)
4(552 232 72 392)
3(69 71 231)
4(391 71 231 551)
3(551 231 69)
3(551 69 389)
3(69 231 229)
3(68 66 226)
4(386 66 226 546)
3(546 226 68)
3(546 68 388)
3(68 226 228)
3(65 67 227)
3(547 227 65)
3(547 65 385)
3(65 227 225)
4(545 225 65 385)
3(152 154 314)
3(634 314 152)
3(634 152 472)
3(152 314 312)
4(632 312 152 472)
3(155 153 313)
4(473 153 313 633)
3(633 313 155)
3(633 155 475)
3(155 313 315)
3(150 152 312)
3(632 312 470)
3(312 150 470)
3(150 312 310)
3(153 151 311)
3(631 311 473)
3(311 153 473)
3(153 311 313)
3(101 99 259)
4(419 99 259 579)
3(579 259 101)
3(579 101 421)
3(101 259 261)
4(581 261 101 421)
3(98 100 260)
4(420 100 260 580)
3(580 260 418)
3(260 98 418)
3(98 260 258)
4(578 258 98 418)
3(147 145 305)
4(465 145 305 625)
3(625 305 467)
3(305 147 467)
3(147 305 307)
3(144 146 306)
3(626 306 464)
3(306 144 464)
3(144 306 304)
4(624 304 144 464)
3(41 43 203)
3(523 203 41)
3(523 41 361)
3(41 203 201)
4(521 201 41 361)
3(44 42 202)
4(362 42 202 522)
3(522 202 364)
3(202 44 364)
3(44 202 204)
3(51 53 213)
4(373 53 213 533)
3(533 213 51)
3(533 51 371)
3(51 213 211)
3(54 52 212)
3(532 212 54)
3(532 54 374)
3(54 212 214)
4(534 214 54 374)
3(56 54 214)
3(534 214 376)
3(214 56 376)
3(56 214 216)
4(536 216 56 376)
3(53 55 215)
4(375 55 215 535)
3(535 215 373)
3(215 53 373)
3(53 215 213)
3(55 57 217)
4(377 57 217 537)
3(537 217 55)
3(537 55 375)
3(55 217 215)
3(58 56 216)
3(536 216 58)
3(536 58 378)
3(58 216 218)
4(538 218 58 378)
3(84 86 246)
4(406 86 246 566)
3(566 246 404)
3(246 84 404)
3(84 246 244)
3(87 85 245)
3(565 245 407)
3(245 87 407)
3(87 245 247)
4(567 247 87 407)
3(74 72 232)
3(552 232 394)
3(232 74 394)
3(74 232 234)
3(71 73 233)
3(553 233 391)
3(233 71 391)
3(71 233 231)
3(90 92 252)
4(412 92 252 572)
3(572 252 90)
3(572 90 410)
3(90 252 250)
4(570 250 90 410)
3(93 91 251)
4(411 91 251 571)
3(571 251 93)
3(571 93 413)
3(93 251 253)
4(573 253 93 413)
3(92 94 254)
4(414 94 254 574)
3(574 254 412)
3(254 92 412)
3(92 254 252)
3(95 93 253)
3(573 253 415)
3(253 95 415)
3(95 253 255)
4(575 255 95 415)
3(94 96 256)
4(416 96 256 576)
3(576 256 94)
3(576 94 414)
3(94 256 254)
3(97 95 255)
3(575 255 97)
3(575 97 417)
3(97 255 257)
4(577 257 97 417)
3(96 98 258)
3(578 258 416)
3(258 96 416)
3(96 258 256)
3(99 97 257)
3(577 257 419)
3(257 99 419)
3(99 257 259)
3(39 41 201)
3(521 201 39)
3(521 39 359)
3(39 201 199)
4(519 199 39 359)
3(42 40 200)
4(360 40 200 520)
3(520 200 362)
3(200 42 362)
3(42 200 202)
3(57 59 219)
4(379 59 219 539)
3(539 219 57)
3(539 57 377)
3(57 219 217)
3(60 58 218)
3(538 218 380)
3(218 60 380)
3(60 218 220)
4(540 220 60 380)
3(91 89 249)
4(409 89 249 569)
3(569 249 91)
3(569 91 411)
3(91 249 251)
3(88 90 250)
3(570 250 88)
3(570 88 408)
3(88 250 248)
4(568 248 88 408)
3(89 87 247)
3(567 247 409)
3(247 89 409)
3(89 247 249)
3(86 88 248)
3(568 248 406)
3(248 86 406)
3(86 248 246)
3(142 144 304)
3(624 304 142)
3(624 142 462)
3(142 304 302)
4(622 302 142 462)
3(145 143 303)
4(463 143 303 623)
3(623 303 145)
3(623 145 465)
3(145 303 305)
3(143 141 301)
4(461 141 301 621)
3(621 301 463)
3(301 143 463)
3(143 301 303)
3(140 142 302)
3(622 302 460)
3(302 140 460)
3(140 302 300)
4(620 300 140 460)
3(138 140 300)
3(620 300 138)
3(620 138 458)
3(138 300 298)
4(618 298 138 458)
3(141 139 299)
4(459 139 299 619)
3(619 299 141)
3(619 141 461)
3(141 299 301)
3(139 137 297)
4(457 137 297 617)
3(617 297 459)
3(297 139 459)
3(139 297 299)
3(136 138 298)
3(618 298 456)
3(298 136 456)
3(136 298 296)
4(616 296 136 456)
3(128 130 290)
4(450 130 290 610)
3(610 290 128)
3(610 128 448)
3(128 290 288)
4(608 288 128 448)
3(131 129 289)
4(449 129 289 609)
3(609 289 131)
3(609 131 451)
3(131 289 291)
4(611 291 131 451)
3(133 131 291)
3(611 291 453)
3(291 133 453)
3(133 291 293)
4(613 293 133 453)
3(130 132 292)
4(452 132 292 612)
3(612 292 450)
3(292 130 450)
3(130 292 290)
3(123 121 281)
4(441 121 281 601)
3(601 281 123)
3(601 123 443)
3(123 281 283)
4(603 283 123 443)
3(120 122 282)
4(442 122 282 602)
3(602 282 120)
3(602 120 440)
3(120 282 280)
4(600 280 120 440)
3(111 109 269)
4(429 109 269 589)
3(589 269 111)
3(589 111 431)
3(111 269 271)
4(591 271 111 431)
3(108 110 270)
4(430 110 270 590)
3(590 270 428)
3(270 108 428)
3(108 270 268)
4(588 268 108 428)
3(102 104 264)
4(424 104 264 584)
3(584 264 102)
3(584 102 422)
3(102 264 262)
4(582 262 102 422)
3(105 103 263)
4(423 103 263 583)
3(583 263 105)
3(583 105 425)
3(105 263 265)
4(585 265 105 425)
3(103 101 261)
3(581 261 103)
3(581 103 423)
3(103 261 263)
3(100 102 262)
3(582 262 420)
3(262 100 420)
3(100 262 260)
3(104 106 266)
4(426 106 266 586)
3(586 266 424)
3(266 104 424)
3(104 266 264)
3(107 105 265)
3(585 265 107)
3(585 107 427)
3(107 265 267)
4(587 267 107 427)
3(106 108 268)
3(588 268 426)
3(268 106 426)
3(106 268 266)
3(109 107 267)
3(587 267 109)
3(587 109 429)
3(109 267 269)
3(37 39 199)
3(519 199 37)
3(519 37 357)
3(37 199 197)
4(517 197 37 357)
3(40 38 198)
4(358 38 198 518)
3(518 198 360)
3(198 40 360)
3(40 198 200)
3(63 65 225)
3(545 225 383)
3(225 63 383)
3(63 225 223)
4(543 223 63 383)
3(66 64 224)
4(384 64 224 544)
3(544 224 386)
3(224 66 386)
3(66 224 226)
3(114 116 276)
4(436 116 276 596)
3(596 276 434)
3(276 114 434)
3(114 276 274)
4(594 274 114 434)
3(117 115 275)
4(435 115 275 595)
3(595 275 117)
3(595 117 437)
3(117 275 277)
4(597 277 117 437)
3(135 133 293)
3(613 293 135)
3(613 135 455)
3(135 293 295)
4(615 295 135 455)
3(132 134 294)
4(454 134 294 614)
3(614 294 132)
3(614 132 452)
3(132 294 292)
3(137 135 295)
3(615 295 457)
3(295 137 457)
3(137 295 297)
3(134 136 296)
3(616 296 454)
3(296 134 454)
3(134 296 294)
3(125 123 283)
3(603 283 125)
3(603 125 445)
3(125 283 285)
4(605 285 125 445)
3(122 124 284)
4(444 124 284 604)
3(604 284 442)
3(284 122 442)
3(122 284 282)
3(115 113 273)
4(433 113 273 593)
3(593 273 435)
3(273 115 435)
3(115 273 275)
3(112 114 274)
3(594 274 432)
3(274 112 432)
3(112 274 272)
4(592 272 112 432)
3(113 111 271)
3(591 271 113)
3(591 113 433)
3(113 271 273)
3(110 112 272)
3(592 272 430)
3(272 110 430)
3(110 272 270)
3(35 37 197)
3(517 197 35)
3(517 35 355)
3(35 197 195)
4(515 195 35 355)
3(38 36 196)
4(356 36 196 516)
3(516 196 358)
3(196 38 358)
3(38 196 198)
3(59 61 221)
4(381 61 221 541)
3(541 221 59)
3(541 59 379)
3(59 221 219)
3(62 60 220)
3(540 220 62)
3(540 62 382)
3(62 220 222)
4(542 222 62 382)
3(61 63 223)
3(543 223 381)
3(223 61 381)
3(61 223 221)
3(64 62 222)
3(542 222 384)
3(222 64 384)
3(64 222 224)
3(121 119 279)
4(439 119 279 599)
3(599 279 441)
3(279 121 441)
3(121 279 281)
3(118 120 280)
3(600 280 438)
3(280 118 438)
3(118 280 278)
4(598 278 118 438)
3(119 117 277)
3(597 277 119)
3(597 119 439)
3(119 277 279)
3(116 118 278)
3(598 278 116)
3(598 116 436)
3(116 278 276)
3(129 127 287)
4(447 127 287 607)
3(607 287 449)
3(287 129 449)
3(129 287 289)
3(126 128 288)
3(608 288 446)
3(288 126 446)
3(126 288 286)
4(606 286 126 446)
3(127 125 285)
3(605 285 127)
3(605 127 447)
3(127 285 287)
3(124 126 286)
3(606 286 124)
3(606 124 444)
3(124 286 284)
3(33 35 195)
3(515 195 33)
3(515 33 353)
3(33 195 193)
4(513 193 33 353)
3(36 34 194)
4(354 34 194 514)
3(514 194 356)
3(194 36 356)
3(36 194 196)
3(31 33 193)
3(513 193 31)
3(513 31 351)
3(31 193 191)
4(511 191 31 351)
3(34 32 192)
4(352 32 192 512)
3(512 192 354)
3(192 34 354)
3(34 192 194)
3(23 25 185)
4(345 25 185 505)
3(505 185 23)
3(505 23 343)
3(23 185 183)
3(26 24 184)
3(504 184 26)
3(504 26 346)
3(26 184 186)
4(506 186 26 346)
3(28 26 186)
3(506 186 348)
3(186 28 348)
3(28 186 188)
4(508 188 28 348)
3(25 27 187)
4(347 27 187 507)
3(507 187 345)
3(187 25 345)
3(25 187 185)
3(29 31 191)
3(511 191 349)
3(191 29 349)
3(29 191 189)
4(509 189 29 349)
3(32 30 190)
4(350 30 190 510)
3(510 190 352)
3(190 32 352)
3(32 190 192)
3(27 29 189)
3(509 189 27)
3(509 27 347)
3(27 189 187)
3(30 28 188)
3(508 188 30)
3(508 30 350)
3(30 188 190)
3(320 322 321)
3(481 482 480)
3(402 400 399)
3(559 560 562)
3(397 399 400)
3(560 559 557)
3(397 395 399)
3(559 555 557)
3(395 393 399)
3(559 553 555)
3(405 404 399)
3(559 564 565)
3(402 399 404)
3(564 559 562)
3(393 394 399)
3(559 554 553)
3(396 399 394)
3(554 559 556)
3(396 398 399)
3(559 558 556)
3(399 398 401)
3(561 558 559)
3(405 399 403)
3(563 559 565)
3(399 401 403)
3(563 561 559)
3(326 327 325)
3(485 487 486)
3(326 328 327)
3(487 488 486)
3(338 339 337)
3(497 499 498)
3(340 339 338)
3(498 499 500)
3(331 332 333)
3(493 492 491)
3(334 333 332)
3(492 493 494)
3(368 367 365)
3(525 527 528)
3(366 368 365)
3(525 528 526)
3(478 476 477)
3(637 636 638)
3(478 477 479)
3(639 637 638)
3(474 475 477)
3(637 635 634)
3(474 477 476)
3(636 637 634)
3(469 470 468)
3(628 630 629)
3(471 470 469)
3(629 630 631)
3(469 468 466)
3(626 628 629)
3(467 469 466)
3(626 629 627)
3(326 325 323)
3(483 485 486)
3(326 323 324)
3(484 483 486)
3(322 324 323)
3(483 484 482)
3(322 323 321)
3(481 483 482)
3(331 329 332)
3(492 489 491)
3(330 332 329)
3(489 492 490)
3(328 329 327)
3(487 489 488)
3(330 329 328)
3(488 489 490)
3(344 341 342)
3(502 501 504)
3(343 341 344)
3(504 501 503)
3(340 341 339)
3(499 501 500)
3(340 342 341)
3(501 502 500)
3(338 337 335)
3(495 497 498)
3(336 338 335)
3(495 498 496)
3(334 335 333)
3(493 495 494)
3(334 336 335)
3(495 496 494)
3(366 365 363)
3(523 525 526)
3(366 363 364)
3(524 523 526)
3(368 369 367)
3(527 529 528)
3(370 369 368)
3(528 529 530)
3(370 372 369)
3(529 532 530)
3(372 371 369)
3(529 531 532)
3(389 387 390)
3(550 547 549)
3(388 390 387)
3(547 550 548)
3(391 390 392)
3(552 550 551)
3(391 389 390)
3(550 549 551)
3(388 387 386)
3(546 547 548)
3(385 386 387)
3(547 546 545)
3(474 472 475)
3(635 632 634)
3(473 475 472)
3(632 635 633)
3(471 472 470)
3(630 632 631)
3(471 473 472)
3(632 633 631)
3(419 421 418)
3(578 581 579)
3(420 418 421)
3(581 578 580)
3(467 466 465)
3(625 626 627)
3(464 465 466)
3(626 625 624)
3(364 363 361)
3(521 523 524)
3(362 364 361)
3(521 524 522)
3(372 373 371)
3(531 533 532)
3(374 373 372)
3(532 533 534)
3(374 376 373)
3(533 536 534)
3(376 375 373)
3(533 535 536)
3(376 377 375)
3(535 537 536)
3(378 377 376)
3(536 537 538)
3(406 404 407)
3(567 564 566)
3(405 407 404)
3(564 567 565)
3(391 392 394)
3(554 552 551)
3(391 394 393)
3(553 554 551)
3(410 411 412)
3(572 571 570)
3(411 413 412)
3(572 573 571)
3(415 414 412)
3(572 574 575)
3(415 412 413)
3(573 572 575)
3(415 416 414)
3(574 576 575)
3(415 417 416)
3(576 577 575)
3(419 418 416)
3(576 578 579)
3(419 416 417)
3(577 576 579)
3(362 361 359)
3(519 521 522)
3(362 359 360)
3(520 519 522)
3(378 379 377)
3(537 539 538)
3(378 380 379)
3(539 540 538)
3(410 409 411)
3(571 569 570)
3(410 408 409)
3(569 568 570)
3(406 407 409)
3(569 567 566)
3(406 409 408)
3(568 569 566)
3(464 462 465)
3(625 622 624)
3(463 465 462)
3(622 625 623)
3(463 462 461)
3(621 622 623)
3(461 462 460)
3(620 622 621)
3(461 460 458)
3(618 620 621)
3(459 461 458)
3(618 621 619)
3(459 458 457)
3(617 618 619)
3(456 457 458)
3(618 617 616)
3(448 451 450)
3(610 611 608)
3(448 449 451)
3(611 609 608)
3(452 451 453)
3(613 611 612)
3(452 450 451)
3(611 610 612)
3(440 441 443)
3(603 601 600)
3(442 440 443)
3(603 600 602)
3(429 431 428)
3(588 591 589)
3(430 428 431)
3(591 588 590)
3(424 422 423)
3(583 582 584)
3(425 424 423)
3(583 584 585)
3(420 421 423)
3(583 581 580)
3(420 423 422)
3(582 583 580)
3(425 426 424)
3(584 586 585)
3(425 427 426)
3(586 587 585)
3(429 428 426)
3(586 588 589)
3(429 426 427)
3(587 586 589)
3(360 359 357)
3(517 519 520)
3(358 360 357)
3(517 520 518)
3(385 383 386)
3(546 543 545)
3(384 386 383)
3(543 546 544)
3(436 434 437)
3(597 594 596)
3(435 437 434)
3(594 597 595)
3(452 453 455)
3(615 613 612)
3(452 455 454)
3(614 615 612)
3(456 455 457)
3(617 615 616)
3(456 454 455)
3(615 614 616)
3(442 443 445)
3(605 603 602)
3(442 445 444)
3(604 605 602)
3(435 434 433)
3(593 594 595)
3(434 432 433)
3(593 592 594)
3(430 431 433)
3(593 591 590)
3(430 433 432)
3(592 593 590)
3(358 357 355)
3(515 517 518)
3(358 355 356)
3(516 515 518)
3(380 381 379)
3(539 541 540)
3(380 382 381)
3(541 542 540)
3(384 383 381)
3(541 543 544)
3(384 381 382)
3(542 541 544)
3(440 439 441)
3(601 599 600)
3(440 438 439)
3(599 598 600)
3(436 437 439)
3(599 597 596)
3(436 439 438)
3(598 599 596)
3(448 447 449)
3(609 607 608)
3(448 446 447)
3(607 606 608)
3(444 445 447)
3(607 605 604)
3(444 447 446)
3(606 607 604)
3(356 355 353)
3(513 515 516)
3(354 356 353)
3(513 516 514)
3(354 353 351)
3(511 513 514)
3(354 351 352)
3(512 511 514)
3(343 344 345)
3(505 504 503)
3(344 346 345)
3(505 506 504)
3(348 345 346)
3(506 505 508)
3(348 347 345)
3(505 507 508)
3(352 351 349)
3(509 511 512)
3(350 352 349)
3(509 512 510)
3(348 349 347)
3(507 509 508)
3(348 350 349)
3(509 510 508)
3(322 320 480)
3(322 480 482)
3(320 321 481)
3(320 481 480)
3(400 402 562)
3(400 562 560)
3(397 400 560)
3(397 560 557)
3(395 397 557)
3(395 557 555)
3(393 395 555)
3(393 555 553)
3(402 404 564)
3(402 564 562)
3(396 394 554)
3(396 554 556)
3(398 396 556)
3(398 556 558)
3(401 398 558)
3(401 558 561)
3(405 403 563)
3(405 563 565)
3(403 401 561)
3(403 561 563)
3(325 327 487)
3(325 487 485)
3(328 326 486)
3(328 486 488)
3(337 339 499)
3(337 499 497)
3(340 338 498)
3(340 498 500)
3(331 333 493)
3(331 493 491)
3(334 332 492)
3(334 492 494)
3(365 367 527)
3(365 527 525)
3(368 366 526)
3(368 526 528)
3(476 478 638)
3(476 638 636)
3(479 477 637)
3(479 637 639)
3(478 479 639)
3(478 639 638)
3(477 475 635)
3(477 635 637)
3(474 476 636)
3(474 636 634)
3(468 470 630)
3(468 630 628)
3(471 469 629)
3(471 629 631)
3(466 468 628)
3(466 628 626)
3(469 467 627)
3(469 627 629)
3(323 325 485)
3(323 485 483)
3(326 324 484)
3(326 484 486)
3(324 322 482)
3(324 482 484)
3(321 323 483)
3(321 483 481)
3(329 331 491)
3(329 491 489)
3(332 330 490)
3(332 490 492)
3(327 329 489)
3(327 489 487)
3(330 328 488)
3(330 488 490)
3(344 342 502)
3(344 502 504)
3(341 343 503)
3(341 503 501)
3(339 341 501)
3(339 501 499)
3(342 340 500)
3(342 500 502)
3(335 337 497)
3(335 497 495)
3(338 336 496)
3(338 496 498)
3(333 335 495)
3(333 495 493)
3(336 334 494)
3(336 494 496)
3(363 365 525)
3(363 525 523)
3(366 364 524)
3(366 524 526)
3(367 369 529)
3(367 529 527)
3(370 368 528)
3(370 528 530)
3(372 370 530)
3(372 530 532)
3(369 371 531)
3(369 531 529)
3(387 389 549)
3(387 549 547)
3(390 388 548)
3(390 548 550)
3(392 390 550)
3(392 550 552)
3(389 391 551)
3(389 551 549)
3(388 386 546)
3(388 546 548)
3(385 387 547)
3(385 547 545)
3(472 474 634)
3(472 634 632)
3(475 473 633)
3(475 633 635)
3(470 472 632)
3(470 632 630)
3(473 471 631)
3(473 631 633)
3(421 419 579)
3(421 579 581)
3(418 420 580)
3(418 580 578)
3(467 465 625)
3(467 625 627)
3(464 466 626)
3(464 626 624)
3(361 363 523)
3(361 523 521)
3(364 362 522)
3(364 522 524)
3(371 373 533)
3(371 533 531)
3(374 372 532)
3(374 532 534)
3(376 374 534)
3(376 534 536)
3(373 375 535)
3(373 535 533)
3(375 377 537)
3(375 537 535)
3(378 376 536)
3(378 536 538)
3(404 406 566)
3(404 566 564)
3(407 405 565)
3(407 565 567)
3(394 392 552)
3(394 552 554)
3(391 393 553)
3(391 553 551)
3(410 412 572)
3(410 572 570)
3(413 411 571)
3(413 571 573)
3(412 414 574)
3(412 574 572)
3(415 413 573)
3(415 573 575)
3(414 416 576)
3(414 576 574)
3(417 415 575)
3(417 575 577)
3(416 418 578)
3(416 578 576)
3(419 417 577)
3(419 577 579)
3(359 361 521)
3(359 521 519)
3(362 360 520)
3(362 520 522)
3(377 379 539)
3(377 539 537)
3(380 378 538)
3(380 538 540)
3(411 409 569)
3(411 569 571)
3(408 410 570)
3(408 570 568)
3(409 407 567)
3(409 567 569)
3(406 408 568)
3(406 568 566)
3(462 464 624)
3(462 624 622)
3(465 463 623)
3(465 623 625)
3(463 461 621)
3(463 621 623)
3(460 462 622)
3(460 622 620)
3(458 460 620)
3(458 620 618)
3(461 459 619)
3(461 619 621)
3(459 457 617)
3(459 617 619)
3(456 458 618)
3(456 618 616)
3(448 450 610)
3(448 610 608)
3(451 449 609)
3(451 609 611)
3(453 451 611)
3(453 611 613)
3(450 452 612)
3(450 612 610)
3(443 441 601)
3(443 601 603)
3(440 442 602)
3(440 602 600)
3(431 429 589)
3(431 589 591)
3(428 430 590)
3(428 590 588)
3(422 424 584)
3(422 584 582)
3(425 423 583)
3(425 583 585)
3(423 421 581)
3(423 581 583)
3(420 422 582)
3(420 582 580)
3(424 426 586)
3(424 586 584)
3(427 425 585)
3(427 585 587)
3(426 428 588)
3(426 588 586)
3(429 427 587)
3(429 587 589)
3(357 359 519)
3(357 519 517)
3(360 358 518)
3(360 518 520)
3(383 385 545)
3(383 545 543)
3(386 384 544)
3(386 544 546)
3(434 436 596)
3(434 596 594)
3(437 435 595)
3(437 595 597)
3(455 453 613)
3(455 613 615)
3(452 454 614)
3(452 614 612)
3(457 455 615)
3(457 615 617)
3(454 456 616)
3(454 616 614)
3(445 443 603)
3(445 603 605)
3(442 444 604)
3(442 604 602)
3(435 433 593)
3(435 593 595)
3(432 434 594)
3(432 594 592)
3(433 431 591)
3(433 591 593)
3(430 432 592)
3(430 592 590)
3(355 357 517)
3(355 517 515)
3(358 356 516)
3(358 516 518)
3(379 381 541)
3(379 541 539)
3(382 380 540)
3(382 540 542)
3(381 383 543)
3(381 543 541)
3(384 382 542)
3(384 542 544)
3(441 439 599)
3(441 599 601)
3(438 440 600)
3(438 600 598)
3(439 437 597)
3(439 597 599)
3(436 438 598)
3(436 598 596)
3(449 447 607)
3(449 607 609)
3(446 448 608)
3(446 608 606)
3(447 445 605)
3(447 605 607)
3(444 446 606)
3(444 606 604)
3(353 355 515)
3(353 515 513)
3(356 354 514)
3(356 514 516)
3(351 353 513)
3(351 513 511)
3(354 352 512)
3(354 512 514)
3(343 345 505)
3(343 505 503)
3(346 344 504)
3(346 504 506)
3(348 346 506)
3(348 506 508)
3(345 347 507)
3(345 507 505)
3(349 351 511)
3(349 511 509)
3(352 350 510)
3(352 510 512)
3(347 349 509)
3(347 509 507)
3(350 348 508)
3(350 508 510)
)

// ************************************************************************* //
