/*--------------------------------*- C++ -*----------------------------------*\
  =========                 |
  \\      /  F ield         | OpenFOAM: The Open Source CFD Toolbox
   \\    /   O peration     |
    \\  /    A nd           | Version: 13
     \\/     M anipulation  |
\*---------------------------------------------------------------------------*/
FoamFile
{
    version     2.0;
    format      ascii;
    class       faceList;
    location    "constant/polyMesh";
    object      faces;
}
// * * * * * * * * * * * * * * * * * * * * * * * * * * * * * * * * * * * * //
528
(
4(1 26 31 6)
4(5 6 31 30)
4(25 30 31 26)
4(0 5 30 25)
4(0 25 26 1)
4(0 1 6 5)
4(2 27 32 7)
4(6 7 32 31)
4(26 31 32 27)
4(1 26 27 2)
4(1 2 7 6)
4(3 28 33 8)
4(7 8 33 32)
4(27 32 33 28)
4(2 27 28 3)
4(2 3 8 7)
4(8 9 34 33)
4(28 33 34 29)
4(3 28 29 4)
4(3 4 9 8)
4(4 29 34 9)
4(6 31 36 11)
4(10 11 36 35)
4(30 35 36 31)
4(5 10 35 30)
4(5 6 11 10)
4(7 32 37 12)
4(11 12 37 36)
4(31 36 37 32)
4(6 7 12 11)
4(8 33 38 13)
4(12 13 38 37)
4(32 37 38 33)
4(7 8 13 12)
4(13 14 39 38)
4(33 38 39 34)
4(8 9 14 13)
4(9 34 39 14)
4(11 36 41 16)
4(15 16 41 40)
4(35 40 41 36)
4(10 15 40 35)
4(10 11 16 15)
4(12 37 42 17)
4(16 17 42 41)
4(36 41 42 37)
4(11 12 17 16)
4(13 38 43 18)
4(17 18 43 42)
4(37 42 43 38)
4(12 13 18 17)
4(18 19 44 43)
4(38 43 44 39)
4(13 14 19 18)
4(14 39 44 19)
4(16 41 46 21)
4(40 45 46 41)
4(15 20 45 40)
4(15 16 21 20)
4(20 21 46 45)
4(17 42 47 22)
4(41 46 47 42)
4(16 17 22 21)
4(21 22 47 46)
4(18 43 48 23)
4(42 47 48 43)
4(17 18 23 22)
4(22 23 48 47)
4(43 48 49 44)
4(18 19 24 23)
4(19 44 49 24)
4(23 24 49 48)
4(26 51 56 31)
4(30 31 56 55)
4(50 55 56 51)
4(25 30 55 50)
4(25 50 51 26)
4(27 52 57 32)
4(31 32 57 56)
4(51 56 57 52)
4(26 51 52 27)
4(28 53 58 33)
4(32 33 58 57)
4(52 57 58 53)
4(27 52 53 28)
4(33 34 59 58)
4(53 58 59 54)
4(28 53 54 29)
4(29 54 59 34)
4(31 56 61 36)
4(35 36 61 60)
4(55 60 61 56)
4(30 35 60 55)
4(32 57 62 37)
4(36 37 62 61)
4(56 61 62 57)
4(33 58 63 38)
4(37 38 63 62)
4(57 62 63 58)
4(38 39 64 63)
4(58 63 64 59)
4(34 59 64 39)
4(36 61 66 41)
4(40 41 66 65)
4(60 65 66 61)
4(35 40 65 60)
4(37 62 67 42)
4(41 42 67 66)
4(61 66 67 62)
4(38 63 68 43)
4(42 43 68 67)
4(62 67 68 63)
4(43 44 69 68)
4(63 68 69 64)
4(39 64 69 44)
4(41 66 71 46)
4(65 70 71 66)
4(40 45 70 65)
4(45 46 71 70)
4(42 67 72 47)
4(66 71 72 67)
4(46 47 72 71)
4(43 68 73 48)
4(67 72 73 68)
4(47 48 73 72)
4(68 73 74 69)
4(44 69 74 49)
4(48 49 74 73)
4(51 76 81 56)
4(55 56 81 80)
4(75 80 81 76)
4(50 55 80 75)
4(50 75 76 51)
4(52 77 82 57)
4(56 57 82 81)
4(76 81 82 77)
4(51 76 77 52)
4(53 78 83 58)
4(57 58 83 82)
4(77 82 83 78)
4(52 77 78 53)
4(58 59 84 83)
4(78 83 84 79)
4(53 78 79 54)
4(54 79 84 59)
4(56 81 86 61)
4(60 61 86 85)
4(80 85 86 81)
4(55 60 85 80)
4(57 82 87 62)
4(61 62 87 86)
4(81 86 87 82)
4(58 83 88 63)
4(62 63 88 87)
4(82 87 88 83)
4(63 64 89 88)
4(83 88 89 84)
4(59 84 89 64)
4(61 86 91 66)
4(65 66 91 90)
4(85 90 91 86)
4(60 65 90 85)
4(62 87 92 67)
4(66 67 92 91)
4(86 91 92 87)
4(63 88 93 68)
4(67 68 93 92)
4(87 92 93 88)
4(68 69 94 93)
4(88 93 94 89)
4(64 89 94 69)
4(66 91 96 71)
4(90 95 96 91)
4(65 70 95 90)
4(70 71 96 95)
4(67 92 97 72)
4(91 96 97 92)
4(71 72 97 96)
4(68 93 98 73)
4(92 97 98 93)
4(72 73 98 97)
4(93 98 99 94)
4(69 94 99 74)
4(73 74 99 98)
4(76 101 106 81)
4(80 81 106 105)
4(75 80 105 100)
4(75 100 101 76)
4(100 105 106 101)
4(77 102 107 82)
4(81 82 107 106)
4(76 101 102 77)
4(101 106 107 102)
4(78 103 108 83)
4(82 83 108 107)
4(77 102 103 78)
4(102 107 108 103)
4(83 84 109 108)
4(78 103 104 79)
4(79 104 109 84)
4(103 108 109 104)
4(81 106 111 86)
4(85 86 111 110)
4(80 85 110 105)
4(105 110 111 106)
4(82 107 112 87)
4(86 87 112 111)
4(106 111 112 107)
4(83 108 113 88)
4(87 88 113 112)
4(107 112 113 108)
4(88 89 114 113)
4(84 109 114 89)
4(108 113 114 109)
4(86 111 116 91)
4(90 91 116 115)
4(85 90 115 110)
4(110 115 116 111)
4(87 112 117 92)
4(91 92 117 116)
4(111 116 117 112)
4(88 113 118 93)
4(92 93 118 117)
4(112 117 118 113)
4(93 94 119 118)
4(89 114 119 94)
4(113 118 119 114)
4(91 116 121 96)
4(90 95 120 115)
4(95 96 121 120)
4(115 120 121 116)
4(92 117 122 97)
4(96 97 122 121)
4(116 121 122 117)
4(93 118 123 98)
4(97 98 123 122)
4(117 122 123 118)
4(94 119 124 99)
4(98 99 124 123)
4(118 123 124 119)
4(5 30 155 130)
4(25 150 155 30)
4(0 125 150 25)
4(0 5 130 125)
4(10 35 157 135)
4(30 155 157 35)
4(5 10 135 130)
4(15 40 159 140)
4(35 157 159 40)
4(10 15 140 135)
4(40 159 161 45)
4(15 20 145 140)
4(20 45 161 145)
4(30 55 171 155)
4(50 166 171 55)
4(25 150 166 50)
4(35 60 173 157)
4(55 171 173 60)
4(40 65 175 159)
4(60 173 175 65)
4(65 175 177 70)
4(45 70 177 161)
4(55 80 187 171)
4(75 182 187 80)
4(50 166 182 75)
4(60 85 189 173)
4(80 187 189 85)
4(65 90 191 175)
4(85 189 191 90)
4(90 191 193 95)
4(70 95 193 177)
4(80 105 203 187)
4(75 182 198 100)
4(100 198 203 105)
4(85 110 208 189)
4(105 203 208 110)
4(90 115 213 191)
4(110 208 213 115)
4(95 120 218 193)
4(115 213 218 120)
4(1 126 151 26)
4(25 26 151 150)
4(0 125 126 1)
4(2 127 152 27)
4(26 27 152 151)
4(1 126 127 2)
4(3 128 153 28)
4(27 28 153 152)
4(2 127 128 3)
4(28 29 154 153)
4(3 128 129 4)
4(4 129 154 29)
4(26 151 167 51)
4(50 51 167 166)
4(27 152 168 52)
4(51 52 168 167)
4(28 153 169 53)
4(52 53 169 168)
4(53 54 170 169)
4(29 154 170 54)
4(51 167 183 76)
4(75 76 183 182)
4(52 168 184 77)
4(76 77 184 183)
4(53 169 185 78)
4(77 78 185 184)
4(78 79 186 185)
4(54 170 186 79)
4(76 183 199 101)
4(100 101 199 198)
4(77 184 200 102)
4(101 102 200 199)
4(78 185 201 103)
4(102 103 201 200)
4(79 186 202 104)
4(103 104 202 201)
4(1 6 131 126)
4(5 130 131 6)
4(2 7 132 127)
4(6 131 132 7)
4(3 8 133 128)
4(7 132 133 8)
4(8 133 134 9)
4(4 9 134 129)
4(6 11 136 131)
4(10 135 136 11)
4(7 12 137 132)
4(11 136 137 12)
4(8 13 138 133)
4(12 137 138 13)
4(13 138 139 14)
4(9 14 139 134)
4(11 16 141 136)
4(15 140 141 16)
4(12 17 142 137)
4(16 141 142 17)
4(13 18 143 138)
4(17 142 143 18)
4(18 143 144 19)
4(14 19 144 139)
4(16 21 146 141)
4(20 145 146 21)
4(17 22 147 142)
4(21 146 147 22)
4(18 23 148 143)
4(22 147 148 23)
4(19 24 149 144)
4(23 148 149 24)
4(9 134 156 34)
4(29 34 156 154)
4(14 139 158 39)
4(34 39 158 156)
4(19 144 160 44)
4(39 44 160 158)
4(44 49 165 160)
4(24 149 165 49)
4(34 156 172 59)
4(54 59 172 170)
4(39 158 174 64)
4(59 64 174 172)
4(44 160 176 69)
4(64 69 176 174)
4(69 74 181 176)
4(49 165 181 74)
4(59 172 188 84)
4(79 84 188 186)
4(64 174 190 89)
4(84 89 190 188)
4(69 176 192 94)
4(89 94 192 190)
4(94 99 197 192)
4(74 181 197 99)
4(84 188 207 109)
4(104 109 207 202)
4(89 190 212 114)
4(109 114 212 207)
4(94 192 217 119)
4(114 119 217 212)
4(99 197 222 124)
4(119 124 222 217)
4(21 46 162 146)
4(45 161 162 46)
4(22 47 163 147)
4(46 162 163 47)
4(23 48 164 148)
4(47 163 164 48)
4(48 164 165 49)
4(46 71 178 162)
4(70 177 178 71)
4(47 72 179 163)
4(71 178 179 72)
4(48 73 180 164)
4(72 179 180 73)
4(73 180 181 74)
4(71 96 194 178)
4(95 193 194 96)
4(72 97 195 179)
4(96 194 195 97)
4(73 98 196 180)
4(97 195 196 98)
4(98 196 197 99)
4(96 121 219 194)
4(120 218 219 121)
4(97 122 220 195)
4(121 219 220 122)
4(98 123 221 196)
4(122 220 221 123)
4(123 221 222 124)
4(101 199 204 106)
4(105 106 204 203)
4(102 200 205 107)
4(106 107 205 204)
4(103 201 206 108)
4(107 108 206 205)
4(108 109 207 206)
4(106 204 209 111)
4(110 111 209 208)
4(107 205 210 112)
4(111 112 210 209)
4(108 206 211 113)
4(112 113 211 210)
4(113 114 212 211)
4(111 209 214 116)
4(115 116 214 213)
4(112 210 215 117)
4(116 117 215 214)
4(113 211 216 118)
4(117 118 216 215)
4(118 119 217 216)
4(116 214 219 121)
4(117 215 220 122)
4(118 216 221 123)
4(125 130 155 150)
4(130 135 157 155)
4(135 140 159 157)
4(140 145 161 159)
4(150 155 171 166)
4(155 157 173 171)
4(157 159 175 173)
4(159 161 177 175)
4(166 171 187 182)
4(171 173 189 187)
4(173 175 191 189)
4(175 177 193 191)
4(182 187 203 198)
4(187 189 208 203)
4(189 191 213 208)
4(191 193 218 213)
4(125 150 151 126)
4(126 151 152 127)
4(127 152 153 128)
4(128 153 154 129)
4(150 166 167 151)
4(151 167 168 152)
4(152 168 169 153)
4(153 169 170 154)
4(166 182 183 167)
4(167 183 184 168)
4(168 184 185 169)
4(169 185 186 170)
4(182 198 199 183)
4(183 199 200 184)
4(184 200 201 185)
4(185 201 202 186)
4(125 126 131 130)
4(126 127 132 131)
4(127 128 133 132)
4(128 129 134 133)
4(130 131 136 135)
4(131 132 137 136)
4(132 133 138 137)
4(133 134 139 138)
4(135 136 141 140)
4(136 137 142 141)
4(137 138 143 142)
4(138 139 144 143)
4(140 141 146 145)
4(141 142 147 146)
4(142 143 148 147)
4(143 144 149 148)
4(129 154 156 134)
4(134 156 158 139)
4(139 158 160 144)
4(144 160 165 149)
4(154 170 172 156)
4(156 172 174 158)
4(158 174 176 160)
4(160 176 181 165)
4(170 186 188 172)
4(172 188 190 174)
4(174 190 192 176)
4(176 192 197 181)
4(186 202 207 188)
4(188 207 212 190)
4(190 212 217 192)
4(192 217 222 197)
4(145 146 162 161)
4(146 147 163 162)
4(147 148 164 163)
4(148 149 165 164)
4(161 162 178 177)
4(162 163 179 178)
4(163 164 180 179)
4(164 165 181 180)
4(177 178 194 193)
4(178 179 195 194)
4(179 180 196 195)
4(180 181 197 196)
4(193 194 219 218)
4(194 195 220 219)
4(195 196 221 220)
4(196 197 222 221)
4(198 203 204 199)
4(199 204 205 200)
4(200 205 206 201)
4(201 206 207 202)
4(203 208 209 204)
4(204 209 210 205)
4(205 210 211 206)
4(206 211 212 207)
4(208 213 214 209)
4(209 214 215 210)
4(210 215 216 211)
4(211 216 217 212)
4(213 218 219 214)
4(214 219 220 215)
4(215 220 221 216)
4(216 221 222 217)
)

// ************************************************************************* //
