/*--------------------------------*- C++ -*----------------------------------*\
  =========                 |
  \\      /  F ield         | OpenFOAM: The Open Source CFD Toolbox
   \\    /   O peration     |
    \\  /    A nd           | Version: 13
     \\/     M anipulation  |
\*---------------------------------------------------------------------------*/
FoamFile
{
    version     2.0;
    format      ascii;
    class       labelList;
    location    "constant/polyMesh";
    object      owner;
}
// * * * * * * * * * * * * * * * * * * * * * * * * * * * * * * * * * * * * //
4814
(
0
0
1
2
2
3
4
5
5
6
7
8
8
9
9
10
11
12
13
14
15
16
17
18
19
20
21
22
23
24
25
26
27
28
29
30
31
32
33
34
35
36
37
38
39
40
41
42
43
44
45
46
47
48
49
50
51
52
53
54
55
56
57
58
59
60
61
62
63
64
65
66
67
68
69
70
71
72
73
74
75
76
77
78
79
80
81
82
83
84
85
86
87
88
89
90
91
92
93
94
95
96
97
98
99
100
101
102
103
104
105
106
107
108
109
110
111
112
113
114
115
116
117
118
119
120
121
122
123
124
125
126
127
128
129
130
131
132
133
134
135
136
137
138
139
140
141
142
143
144
145
146
147
148
149
150
151
152
153
154
155
156
157
158
159
160
161
162
163
164
165
166
167
168
169
170
171
172
173
174
175
176
177
178
179
180
181
182
183
184
185
186
187
188
189
190
191
192
193
194
195
196
197
198
199
200
201
202
203
204
205
206
207
208
209
210
211
212
213
214
215
216
217
218
219
220
221
222
223
224
225
226
227
228
229
230
231
232
233
234
235
236
237
238
239
240
241
242
243
244
245
246
247
248
249
250
251
252
253
254
255
256
257
258
259
260
261
262
0
264
264
264
264
264
0
265
265
265
265
265
1
266
266
1
267
267
2
268
268
268
268
268
2
269
269
269
269
269
3
270
270
270
270
270
3
271
271
271
271
271
4
272
272
272
272
272
4
273
273
273
273
273
5
274
274
274
274
274
5
275
275
275
275
275
6
276
276
276
6
277
277
277
7
278
278
278
278
278
7
279
279
279
279
279
8
280
280
280
280
280
8
281
281
281
281
281
9
282
282
282
9
283
283
283
10
284
284
10
285
285
11
286
286
286
286
286
11
287
287
287
287
287
12
288
288
288
288
288
12
289
289
289
289
289
13
290
290
290
290
290
13
291
291
291
291
291
14
292
292
292
292
292
14
293
293
293
293
293
15
294
294
294
294
294
15
295
295
295
295
295
16
296
296
296
296
296
16
297
297
297
297
297
17
298
298
298
298
298
17
299
299
299
299
299
18
300
300
300
300
300
18
301
301
301
301
301
19
302
302
302
302
302
19
303
303
303
303
303
20
304
304
304
304
304
20
305
305
305
305
305
21
306
306
306
306
306
21
307
307
307
307
307
22
308
308
308
308
308
22
309
309
309
309
309
23
310
310
310
310
310
23
311
311
311
311
311
24
312
312
312
312
312
24
313
313
313
313
313
25
314
314
314
314
314
25
315
315
315
315
315
26
316
316
316
316
316
26
317
317
317
317
317
27
318
318
318
318
318
27
319
319
319
319
319
28
320
320
320
28
321
321
321
29
322
322
322
29
323
323
323
30
324
324
324
30
325
325
325
31
326
326
326
326
31
327
327
327
327
32
328
328
328
328
32
329
329
329
329
33
330
330
330
33
331
331
331
34
332
332
332
34
333
333
333
35
334
334
334
334
35
335
335
335
335
36
336
336
336
36
337
337
337
37
282
282
282
37
283
283
283
38
338
338
338
38
339
339
339
39
340
340
340
39
341
341
341
40
342
342
342
342
40
343
343
343
343
41
344
344
344
344
41
345
345
345
345
42
346
346
346
346
42
347
347
347
347
43
348
348
348
348
43
349
349
349
349
44
350
350
350
350
44
351
351
351
351
45
352
352
352
352
45
353
353
353
353
46
354
354
354
354
46
355
355
355
355
47
356
356
356
356
47
357
357
357
357
48
358
358
358
358
48
359
359
359
359
49
360
360
360
360
49
361
361
361
361
50
362
362
362
362
50
363
363
363
363
51
364
364
364
364
51
365
365
365
365
52
366
366
366
366
52
367
367
367
367
53
368
368
368
368
53
369
369
369
369
54
370
370
370
370
54
371
371
371
371
55
372
372
372
372
55
373
373
373
373
56
374
374
374
374
56
375
375
375
375
57
376
376
376
57
377
377
377
58
378
378
58
379
379
59
380
380
380
59
381
381
381
60
382
382
382
60
383
383
383
61
384
384
384
384
61
385
385
385
385
62
386
386
62
387
387
63
388
388
388
63
389
389
389
64
390
390
390
390
64
391
391
391
391
65
392
392
392
392
65
393
393
393
393
66
394
394
394
66
395
395
395
67
396
396
396
67
397
397
397
68
398
398
398
68
399
399
399
69
400
400
400
400
69
401
401
401
401
70
402
402
402
402
70
403
403
403
403
71
404
404
404
404
71
405
405
405
405
72
406
406
406
406
72
407
407
407
407
73
408
408
408
408
73
409
409
409
409
74
410
410
410
410
74
411
411
411
411
75
412
412
412
412
75
413
413
413
413
76
414
414
414
414
76
415
415
415
415
77
416
416
416
416
77
417
417
417
417
78
418
418
418
418
78
419
419
419
419
79
420
420
420
420
79
421
421
421
421
80
422
422
422
422
80
423
423
423
423
81
424
424
424
424
81
425
425
425
425
82
426
426
426
426
82
427
427
427
427
83
428
428
428
428
83
429
429
429
429
84
430
430
430
430
84
431
431
431
431
85
432
432
432
432
85
433
433
433
433
86
434
434
434
434
86
435
435
435
435
87
436
436
436
87
437
437
437
88
438
438
438
88
439
439
439
89
440
440
440
89
441
441
441
90
442
442
442
90
443
443
443
91
444
444
444
91
445
445
445
92
446
446
446
92
447
447
447
93
448
448
93
449
449
94
450
450
450
94
451
451
451
95
452
452
452
95
453
453
453
96
454
454
454
96
455
455
455
97
456
456
456
97
457
457
457
98
458
458
458
98
459
459
459
99
460
460
460
99
461
461
461
100
462
462
462
100
463
463
463
101
464
464
464
101
465
465
465
102
466
466
466
102
467
467
467
103
468
468
468
103
469
469
469
104
470
470
470
104
471
471
471
105
472
472
472
105
473
473
473
106
474
474
474
106
475
475
475
107
476
476
476
107
477
477
477
108
478
478
478
108
479
479
479
109
480
480
480
109
481
481
481
110
482
482
482
110
483
483
483
111
484
484
484
111
485
485
485
112
486
486
486
112
487
487
487
113
488
488
113
489
489
114
490
490
490
114
491
491
491
115
492
492
492
115
493
493
493
116
494
494
494
116
495
495
495
117
496
496
117
497
497
118
498
498
498
118
499
499
499
119
500
500
500
119
501
501
501
120
502
502
502
120
503
503
503
121
504
504
504
121
505
505
505
122
506
506
506
122
507
507
507
123
508
508
508
123
509
509
509
124
510
510
510
124
511
511
511
125
512
512
512
125
513
513
513
126
514
514
514
126
515
515
515
127
516
516
516
127
517
517
517
128
518
518
518
128
519
519
519
129
520
520
520
129
521
521
521
130
522
522
522
130
523
523
523
131
524
524
524
131
525
525
525
132
526
526
526
132
527
527
527
133
528
528
528
133
529
529
529
134
530
530
530
134
531
531
531
135
532
532
532
135
533
533
533
136
534
534
534
136
535
535
535
137
536
536
536
137
537
537
537
138
538
538
538
138
539
539
539
139
540
540
540
139
541
541
541
140
542
542
542
140
543
543
543
141
544
544
544
141
545
545
545
142
546
546
142
547
547
143
548
548
548
143
549
549
549
144
550
550
550
144
551
551
551
145
552
552
552
145
553
553
553
146
554
554
554
146
555
555
555
147
556
556
556
147
557
557
557
148
558
558
148
559
559
149
560
560
149
561
561
150
562
562
150
563
563
151
564
564
151
565
565
152
566
566
152
567
567
153
568
568
153
569
569
154
570
570
154
571
571
155
572
572
155
573
573
156
574
574
574
156
575
575
575
157
576
576
576
157
577
577
577
158
578
578
578
158
579
579
579
159
580
580
580
159
581
581
581
160
582
582
582
582
160
583
583
583
583
161
584
584
584
161
585
585
585
162
586
586
586
162
587
587
587
163
588
588
588
163
589
589
589
164
590
590
164
591
591
165
592
592
165
593
593
166
594
594
166
595
595
167
596
596
167
597
597
168
598
598
598
168
599
599
599
169
600
600
600
169
601
601
601
170
602
602
602
170
603
603
603
171
604
604
604
171
605
605
605
172
606
606
606
172
607
607
607
173
608
608
608
173
609
609
609
174
610
610
610
174
611
611
611
175
612
612
612
175
613
613
613
176
614
614
614
176
615
615
615
177
616
616
177
617
617
178
618
618
618
178
619
619
619
179
620
620
620
179
621
621
621
180
622
622
622
180
623
623
623
181
624
624
624
181
625
625
625
182
626
626
626
182
627
627
627
183
628
628
628
183
629
629
629
184
630
630
630
184
631
631
631
185
632
632
632
185
633
633
633
186
634
634
634
186
635
635
635
187
636
636
636
187
637
637
637
188
638
638
638
188
639
639
639
189
640
640
640
189
641
641
641
190
642
642
642
190
643
643
643
191
644
644
191
645
645
192
646
646
646
192
647
647
647
193
648
648
193
649
649
194
650
650
650
194
651
651
651
195
652
652
652
195
653
653
653
196
654
654
654
196
655
655
655
197
656
656
656
656
197
657
657
657
657
198
658
658
658
198
659
659
659
199
660
660
199
661
661
200
662
662
662
200
663
663
663
201
664
664
664
201
665
665
665
202
666
666
666
202
667
667
667
203
668
668
203
669
669
204
670
670
670
204
671
671
671
205
672
672
205
673
673
206
674
674
674
206
675
675
675
207
676
676
676
207
677
677
677
208
678
678
678
208
679
679
679
209
680
680
680
209
681
681
681
210
682
682
682
210
683
683
683
211
684
684
684
211
685
685
685
212
686
686
686
212
687
687
687
213
688
688
688
213
689
689
689
214
690
690
690
214
691
691
691
215
692
692
692
215
693
693
693
216
694
694
694
216
695
695
695
217
696
696
217
697
697
218
698
698
218
699
699
219
700
700
700
219
701
701
701
220
702
702
702
220
703
703
703
221
704
704
704
221
705
705
705
222
706
706
706
222
707
707
707
223
708
708
708
223
709
709
709
224
710
710
710
224
711
711
711
225
712
712
712
225
713
713
713
226
714
714
714
226
715
715
715
227
716
716
227
717
717
228
718
718
718
228
719
719
719
229
720
720
720
229
721
721
721
230
722
722
722
230
723
723
723
231
724
724
724
231
725
725
725
232
726
726
726
232
727
727
727
233
728
728
728
233
729
729
729
234
730
730
730
234
731
731
731
235
732
732
732
235
733
733
733
236
734
734
236
735
735
237
736
736
736
237
737
737
737
238
738
738
738
238
739
739
739
239
740
740
740
239
741
741
741
240
742
742
742
240
743
743
743
241
744
744
744
241
745
745
745
242
746
746
746
242
747
747
747
243
748
748
748
243
749
749
749
244
750
750
750
244
751
751
751
245
752
752
752
245
753
753
753
246
754
754
754
246
755
755
755
247
756
756
756
247
757
757
757
248
758
758
758
248
759
759
759
249
760
760
760
249
761
761
761
250
762
762
762
250
763
763
763
251
764
764
764
251
765
765
765
252
766
766
766
252
767
767
767
253
768
768
768
253
769
769
769
254
770
770
770
254
771
771
771
255
772
772
772
255
773
773
773
256
774
774
774
256
775
775
775
257
776
776
257
777
777
258
778
778
778
258
779
779
779
259
780
780
780
259
781
781
781
260
782
782
782
260
783
783
783
261
784
784
784
261
785
785
785
262
786
786
786
262
787
787
787
263
263
0
790
790
790
0
791
1
792
792
1
793
2
794
794
794
2
795
3
796
796
796
3
797
3
798
798
798
3
4
800
800
800
4
801
4
802
802
802
4
5
804
804
804
5
805
6
806
806
6
807
7
808
808
808
7
809
7
810
810
810
7
8
812
812
812
8
813
9
814
814
814
9
815
10
816
816
816
10
817
11
818
818
818
11
819
11
820
820
820
11
12
822
822
822
12
823
12
824
824
824
12
13
826
826
826
13
827
13
828
828
828
13
14
830
830
830
14
831
14
832
832
832
14
15
834
834
834
15
835
15
836
836
836
15
16
838
838
838
16
839
16
840
840
840
16
17
842
842
842
17
843
17
844
844
844
17
18
846
846
846
18
847
18
848
848
848
18
19
850
850
850
19
851
19
852
852
852
19
20
854
854
854
20
855
20
856
856
856
20
21
858
858
858
21
859
21
860
860
860
21
22
862
862
862
22
863
22
864
864
864
22
23
866
866
866
23
867
23
868
868
868
23
24
870
870
870
24
871
24
872
872
872
24
25
874
874
874
25
875
25
876
876
876
25
26
878
878
878
26
879
26
880
880
880
26
27
882
882
882
27
883
27
884
884
884
27
28
886
886
886
28
887
29
888
888
29
889
30
890
890
30
891
31
892
892
31
893
32
894
894
32
895
33
896
896
896
33
34
898
898
34
899
35
900
900
35
901
36
902
902
902
36
37
904
904
37
905
38
906
906
38
907
39
908
908
39
909
40
910
910
40
911
41
912
912
41
913
42
914
914
42
915
43
916
916
43
917
44
918
918
44
919
45
920
920
45
921
46
922
922
46
923
47
924
924
47
925
48
926
926
48
927
49
928
928
49
929
50
930
930
50
931
51
932
932
51
933
52
934
934
52
935
53
936
936
53
937
54
938
938
54
939
55
940
940
55
941
56
942
942
56
943
57
944
944
57
945
58
946
946
58
947
59
948
948
59
949
60
950
950
60
951
61
952
952
952
61
63
954
954
63
955
64
956
956
956
64
65
958
958
958
65
66
960
960
66
961
67
962
962
67
963
68
964
964
68
965
69
966
966
966
69
70
968
968
968
70
71
970
970
970
71
72
972
972
972
72
73
974
974
974
73
74
976
976
976
74
75
978
978
978
75
76
980
980
980
76
77
982
982
982
77
78
984
984
984
78
79
986
986
986
79
80
988
988
988
80
81
990
990
990
81
82
992
992
992
82
83
994
994
994
83
84
996
996
996
84
85
998
998
998
85
86
1000
1000
86
87
1002
1002
87
1003
88
1004
1004
88
1005
89
1006
1006
89
1007
90
1008
1008
1008
90
91
1010
1010
91
92
1012
1012
92
1013
94
1014
1014
94
1015
95
1016
1016
95
1017
96
1018
1018
96
1019
97
1020
1020
1020
97
98
1022
1022
1022
98
99
1024
1024
1024
99
100
1026
1026
1026
100
101
1028
1028
1028
101
102
1030
1030
1030
102
103
1032
1032
1032
103
104
1034
1034
1034
104
105
1036
1036
1036
105
106
1038
1038
1038
106
107
1040
1040
1040
107
108
1042
1042
1042
108
109
1044
1044
1044
109
110
1046
1046
1046
110
111
1048
1048
1048
111
112
1050
1050
1050
112
114
1052
1052
114
1053
115
1054
1054
115
1055
116
1056
1056
116
1057
118
1058
1058
118
1059
119
1060
1060
119
1061
120
1062
1062
120
1063
121
1064
1064
121
1065
122
1066
1066
122
1067
123
1068
1068
123
124
1070
1070
124
125
1072
1072
125
126
1074
1074
126
127
1076
1076
127
128
1078
1078
128
129
1080
1080
129
130
1082
1082
130
131
1084
1084
131
132
1086
1086
132
133
1088
1088
133
134
1090
1090
134
135
1092
1092
135
136
1094
1094
136
137
1096
1096
137
138
1098
1098
138
139
1100
1100
139
140
1102
1102
140
1103
141
1104
1104
141
1105
143
1106
1106
143
1107
144
1108
1108
1108
144
145
1110
1110
145
1111
146
1112
1112
146
1113
147
1114
1114
147
1115
156
1116
1116
1116
156
157
1118
1118
157
1119
158
1120
1120
1120
158
159
1122
1122
159
1123
160
1124
1124
1124
160
161
1126
1126
1126
161
162
1128
1128
162
1129
163
1130
1130
1130
163
168
1132
1132
1132
168
169
1134
1134
169
1135
170
1136
1136
1136
170
171
1138
1138
171
1139
172
1140
1140
172
1141
173
1142
1142
1142
173
174
1144
1144
1144
174
175
1146
1146
1146
175
176
1148
1148
176
1149
178
1150
1150
1150
178
179
1152
1152
1152
179
180
1154
1154
1154
180
181
1156
1156
181
182
1158
1158
182
1159
183
1160
1160
183
184
1162
1162
1162
184
185
1164
1164
1164
185
186
1166
1166
186
1167
187
1168
1168
1168
187
188
1170
1170
1170
188
189
1172
1172
1172
189
190
1174
1174
190
1175
192
1176
1176
192
194
1178
1178
1178
194
195
1180
1180
1180
195
196
1182
1182
1182
196
197
1184
1184
197
198
1186
1186
1186
198
200
1188
1188
200
201
1190
1190
1190
201
202
1192
1192
1192
202
204
1194
1194
204
1195
206
1196
1196
1196
206
207
1198
1198
207
1199
208
1200
1200
208
1201
209
1202
1202
1202
209
210
1204
1204
1204
210
211
1206
1206
211
1207
212
1208
1208
212
1209
213
1210
1210
1210
213
214
1212
1212
1212
214
215
1214
1214
215
1215
216
1216
1216
216
1217
219
1218
1218
219
1219
220
1220
1220
220
1221
221
1222
1222
1222
221
222
1224
1224
222
1225
223
1226
1226
223
1227
224
1228
1228
224
1229
225
1230
1230
1230
225
226
1232
1232
1232
226
227
1234
1234
227
1235
228
1236
1236
228
1237
229
1238
1238
1238
229
230
1240
1240
1240
230
231
1242
1242
231
1243
232
1244
1244
232
1245
233
1246
1246
1246
233
234
1248
1248
1248
234
235
1250
1250
235
1251
237
1252
1252
1252
237
238
1254
1254
1254
238
239
1256
1256
239
1257
240
1258
1258
240
1259
241
1260
1260
1260
241
242
1262
1262
1262
242
243
1264
1264
243
1265
244
1266
1266
244
1267
245
1268
1268
1268
245
246
1270
1270
1270
246
247
1272
1272
247
1273
248
1274
1274
248
1275
249
1276
1276
1276
249
250
1278
1278
250
1279
251
1280
1280
251
1281
252
1282
1282
252
1283
253
1284
1284
253
254
1286
1286
1286
254
255
1288
1288
255
1289
256
1290
1290
256
1291
258
1292
1292
1292
258
259
1294
1294
259
260
1296
1296
1296
260
261
1298
1298
261
1299
262
1300
1300
262
264
265
266
267
268
269
270
271
272
273
274
275
276
277
278
279
280
281
282
283
284
285
286
287
288
289
290
291
292
293
294
295
296
297
298
299
300
301
302
303
304
305
306
307
308
309
310
311
312
313
314
315
316
317
318
319
320
321
322
323
324
325
326
327
328
329
330
331
332
333
334
335
336
337
282
283
338
339
340
341
342
343
344
345
346
347
348
349
350
351
352
353
354
355
356
357
358
359
360
361
362
363
364
365
366
367
368
369
370
371
372
373
374
375
376
377
378
379
380
381
382
383
384
385
386
387
388
389
390
391
392
393
394
395
396
397
398
399
400
401
402
403
404
405
406
407
408
409
410
411
412
413
414
415
416
417
418
419
420
421
422
423
424
425
426
427
428
429
430
431
432
433
434
435
436
437
438
439
440
441
442
443
444
445
446
447
448
449
450
451
452
453
454
455
456
457
458
459
460
461
462
463
464
465
466
467
468
469
470
471
472
473
474
475
476
477
478
479
480
481
482
483
484
485
486
487
488
489
490
491
492
493
494
495
496
497
498
499
500
501
502
503
504
505
506
507
508
509
510
511
512
513
514
515
516
517
518
519
520
521
522
523
524
525
526
527
528
529
530
531
532
533
534
535
536
537
538
539
540
541
542
543
544
545
546
547
548
549
550
551
552
553
554
555
556
557
558
559
560
561
562
563
564
565
566
567
568
569
570
571
572
573
574
575
576
577
578
579
580
581
582
583
584
585
586
587
588
589
590
591
592
593
594
595
596
597
598
599
600
601
602
603
604
605
606
607
608
609
610
611
612
613
614
615
616
617
618
619
620
621
622
623
624
625
626
627
628
629
630
631
632
633
634
635
636
637
638
639
640
641
642
643
644
645
646
647
648
649
650
651
652
653
654
655
656
657
658
659
660
661
662
663
664
665
666
667
668
669
670
671
672
673
674
675
676
677
678
679
680
681
682
683
684
685
686
687
688
689
690
691
692
693
694
695
696
697
698
699
700
701
702
703
704
705
706
707
708
709
710
711
712
713
714
715
716
717
718
719
720
721
722
723
724
725
726
727
728
729
730
731
732
733
734
735
736
737
738
739
740
741
742
743
744
745
746
747
748
749
750
751
752
753
754
755
756
757
758
759
760
761
762
763
764
765
766
767
768
769
770
771
772
773
774
775
776
777
778
779
780
781
782
783
784
785
786
787
788
789
790
791
792
793
794
795
796
797
798
799
800
801
802
803
804
805
806
807
808
809
810
811
812
813
814
815
816
817
818
819
820
821
822
823
824
825
826
827
828
829
830
831
832
833
834
835
836
837
838
839
840
841
842
843
844
845
846
847
848
849
850
851
852
853
854
855
856
857
858
859
860
861
862
863
864
865
866
867
868
869
870
871
872
873
874
875
876
877
878
879
880
881
882
883
884
885
886
887
888
889
890
891
892
893
894
895
896
897
898
899
900
901
902
903
904
905
906
907
908
909
910
911
912
913
914
915
916
917
918
919
920
921
922
923
924
925
926
927
928
929
930
931
932
933
934
935
936
937
938
939
940
941
942
943
944
945
946
947
948
949
950
951
952
953
954
955
956
957
958
959
960
961
962
963
964
965
966
967
968
969
970
971
972
973
974
975
976
977
978
979
980
981
982
983
984
985
986
987
988
989
990
991
992
993
994
995
996
997
998
999
1000
1001
1002
1003
1004
1005
1006
1007
1008
1009
1010
1011
1012
1013
1014
1015
1016
1017
1018
1019
1020
1021
1022
1023
1024
1025
1026
1027
1028
1029
1030
1031
1032
1033
1034
1035
1036
1037
1038
1039
1040
1041
1042
1043
1044
1045
1046
1047
1048
1049
1050
1051
1052
1053
1054
1055
1056
1057
1058
1059
1060
1061
1062
1063
1064
1065
1066
1067
1068
1069
1070
1071
1072
1073
1074
1075
1076
1077
1078
1079
1080
1081
1082
1083
1084
1085
1086
1087
1088
1089
1090
1091
1092
1093
1094
1095
1096
1097
1098
1099
1100
1101
1102
1103
1104
1105
1106
1107
1108
1109
1110
1111
1112
1113
1114
1115
1116
1117
1118
1119
1120
1121
1122
1123
1124
1125
1126
1127
1128
1129
1130
1131
1132
1133
1134
1135
1136
1137
1138
1139
1140
1141
1142
1143
1144
1145
1146
1147
1148
1149
1150
1151
1152
1153
1154
1155
1156
1157
1158
1159
1160
1161
1162
1163
1164
1165
1166
1167
1168
1169
1170
1171
1172
1173
1174
1175
1176
1177
1178
1179
1180
1181
1182
1183
1184
1185
1186
1187
1188
1189
1190
1191
1192
1193
1194
1195
1196
1197
1198
1199
1200
1201
1202
1203
1204
1205
1206
1207
1208
1209
1210
1211
1212
1213
1214
1215
1216
1217
1218
1219
1220
1221
1222
1223
1224
1225
1226
1227
1228
1229
1230
1231
1232
1233
1234
1235
1236
1237
1238
1239
1240
1241
1242
1243
1244
1245
1246
1247
1248
1249
1250
1251
1252
1253
1254
1255
1256
1257
1258
1259
1260
1261
1262
1263
1264
1265
1266
1267
1268
1269
1270
1271
1272
1273
1274
1275
1276
1277
1278
1279
1280
1281
1282
1283
1284
1285
1286
1287
1288
1289
1290
1291
1292
1293
1294
1295
1296
1297
1298
1299
1300
1301
)

// ************************************************************************* //
