/*--------------------------------*- C++ -*----------------------------------*\
  =========                 |
  \\      /  F ield         | OpenFOAM: The Open Source CFD Toolbox
   \\    /   O peration     |
    \\  /    A nd           | Version: 13
     \\/     M anipulation  |
\*---------------------------------------------------------------------------*/
FoamFile
{
    version     2.0;
    format      ascii;
    class       vectorField;
    location    "constant/polyMesh";
    object      points;
}
// * * * * * * * * * * * * * * * * * * * * * * * * * * * * * * * * * * * * //
1024
(
(-1.14917059 -0.0238781549 0.000548900431)
(-1.14917059 0.0238781549 0.000548900431)
(-1.10030492 -0.332403775 0.000548900506)
(-1.10030492 0.332403775 0.000548900506)
(-1.08554748 -0.377822713 0.000548900374)
(-1.08554748 0.377822713 0.000548900374)
(-0.998976251 -0.0417625452 0.000680810652)
(-0.998976251 0.0417625452 0.000680810652)
(-0.962988258 -0.268982113 0.000680810613)
(-0.962988258 0.268982113 0.000680810613)
(-0.943733757 -0.656147683 0.000548900454)
(-0.943733757 0.656147683 0.000548900454)
(-0.937177547 -0.348419197 0.000680810619)
(-0.937177547 0.348419197 0.000680810619)
(-0.915663317 -0.694783351 0.000548900414)
(-0.915663317 0.694783351 0.000548900414)
(-0.876350753 -0.0756032705 0.000800578584)
(-0.876350753 0.0756032705 0.000800578584)
(-0.85682178 -0.198904303 0.000800578627)
(-0.85682178 0.198904303 0.000800578627)
(-0.832736194 -0.553396885 0.000680810618)
(-0.832736194 0.553396885 0.000680810618)
(-0.810096423 -0.342710264 0.00080057861)
(-0.810096423 0.342710264 0.00080057861)
(-0.783641368 -0.620970104 0.000680810651)
(-0.783641368 0.620970104 0.000680810651)
(-0.753421163 -0.453941738 0.000800578606)
(-0.753421163 0.453941738 0.000800578606)
(-0.694783351 -0.915663317 0.000548900414)
(-0.694783351 0.915663317 0.000548900414)
(-0.664544173 -0.576270357 0.000800578599)
(-0.664544173 0.576270357 0.000800578599)
(-0.656147683 -0.943733757 0.000548900454)
(-0.656147683 0.943733757 0.000548900454)
(-0.620970104 -0.783641368 0.000680810651)
(-0.620970104 0.783641368 0.000680810651)
(-0.576270357 -0.664544173 0.000800578599)
(-0.576270357 0.664544173 0.000800578599)
(-0.553396885 -0.832736194 0.000680810618)
(-0.553396885 0.832736194 0.000680810618)
(-0.453941738 -0.753421163 0.000800578606)
(-0.453941738 0.753421163 0.000800578606)
(-0.434188093 -0.353553385 0.000693519247)
(-0.434188093 0.353553385 0.000693519247)
(-0.431440537 -0.374423177 0.00069351946)
(-0.431440537 -0.332683592 0.00069351946)
(-0.431440537 0.332683592 0.00069351946)
(-0.431440537 0.374423177 0.00069351946)
(-0.423385072 -0.393870724 0.000693518942)
(-0.423385072 -0.313236045 0.000693519041)
(-0.423385072 0.313236045 0.000693519041)
(-0.423385072 0.393870724 0.000693518942)
(-0.410570744 -0.410570744 0.000693519727)
(-0.410570744 -0.296536055 0.000693519499)
(-0.410570744 0.296536055 0.000693519499)
(-0.410570744 0.410570744 0.000693519727)
(-0.393870724 -0.423385072 0.000693518942)
(-0.393870723 -0.283721697 0.000693519221)
(-0.393870723 0.283721697 0.000693519221)
(-0.393870724 0.423385072 0.000693518942)
(-0.377822713 -1.08554748 0.000548900374)
(-0.377822713 1.08554748 0.000548900374)
(-0.374423177 -0.431440537 0.00069351946)
(-0.374423177 -0.275666262 0.00069351931)
(-0.374423177 0.275666262 0.00069351931)
(-0.374423177 0.431440537 0.00069351946)
(-0.353553385 -0.434188093 0.000693519247)
(-0.353553385 -0.272918706 0.000693519247)
(-0.353553385 0.272918706 0.000693519247)
(-0.353553385 0.434188093 0.000693519247)
(-0.348419197 -0.937177547 0.000680810619)
(-0.348419197 0.937177547 0.000680810619)
(-0.342710264 -0.810096423 0.00080057861)
(-0.342710264 0.810096423 0.00080057861)
(-0.332683592 -0.431440537 0.00069351946)
(-0.332683592 -0.275666262 0.00069351931)
(-0.332683592 0.275666262 0.00069351931)
(-0.332683592 0.431440537 0.00069351946)
(-0.332403775 -1.10030492 0.000548900506)
(-0.332403775 1.10030492 0.000548900506)
(-0.313236045 -0.423385072 0.000693519041)
(-0.313236045 -0.283721698 0.00069351932)
(-0.313236045 0.283721698 0.00069351932)
(-0.313236045 0.423385072 0.000693519041)
(-0.296536055 -0.410570744 0.000693519499)
(-0.296536054 -0.296536054 0.000693519272)
(-0.296536054 0.296536054 0.000693519272)
(-0.296536055 0.410570744 0.000693519499)
(-0.283721697 -0.393870723 0.000693519221)
(-0.283721698 -0.313236045 0.00069351932)
(-0.283721698 0.313236045 0.00069351932)
(-0.283721697 0.393870723 0.000693519221)
(-0.275666262 -0.374423177 0.00069351931)
(-0.275666262 -0.332683592 0.00069351931)
(-0.275666262 0.332683592 0.00069351931)
(-0.275666262 0.374423177 0.00069351931)
(-0.272918706 -0.353553385 0.000693519247)
(-0.272918706 0.353553385 0.000693519247)
(-0.268982113 -0.962988258 0.000680810613)
(-0.268982113 0.962988258 0.000680810613)
(-0.198904303 -0.85682178 0.000800578627)
(-0.198904303 0.85682178 0.000800578627)
(-0.180647308 -2.20952706e-17 0.000681768049)
(-0.178423238 -0.0282594649 0.000681768049)
(-0.178423238 0.0282594649 0.000681768049)
(-0.171805793 -0.0558230855 0.000681768033)
(-0.171805793 0.0558230855 0.000681768033)
(-0.160957918 -0.082012157 0.000681767994)
(-0.160957918 0.082012157 0.000681767994)
(-0.146146736 -0.106181818 0.000681768038)
(-0.146146736 0.106181818 0.000681768038)
(-0.127736933 -0.127736933 0.000681768062)
(-0.127736933 0.127736933 0.000681768062)
(-0.106181818 -0.146146736 0.000681768038)
(-0.106181818 0.146146736 0.000681768038)
(-0.082012157 -0.160957918 0.000681767994)
(-0.082012157 0.160957918 0.000681767994)
(-0.0756032705 -0.876350753 0.000800578584)
(-0.0756032705 0.876350753 0.000800578584)
(-0.0558230855 -0.171805793 0.000681768033)
(-0.0558230855 0.171805793 0.000681768033)
(-0.0417625452 -0.998976251 0.000680810652)
(-0.0417625452 0.998976251 0.000680810652)
(-0.0282594649 -0.178423238 0.000681768049)
(-0.0282594649 0.178423238 0.000681768049)
(-0.0238781549 -1.14917059 0.000548900431)
(-0.0238781549 1.14917059 0.000548900431)
(1.10505036e-17 -0.180647308 0.000681768049)
(-3.31429059e-17 0.180647308 0.000681768049)
(0.0238781549 -1.14917059 0.000548900431)
(0.0238781549 1.14917059 0.000548900431)
(0.0282594649 -0.178423238 0.000681768049)
(0.0282594649 0.178423238 0.000681768049)
(0.0417625452 -0.998976251 0.000680810652)
(0.0417625452 0.998976251 0.000680810652)
(0.0558230855 -0.171805793 0.000681768033)
(0.0558230855 0.171805793 0.000681768033)
(0.0756032705 -0.876350753 0.000800578584)
(0.0756032705 0.876350753 0.000800578584)
(0.082012157 -0.160957918 0.000681767994)
(0.082012157 0.160957918 0.000681767994)
(0.106181818 -0.146146736 0.000681768038)
(0.106181818 0.146146736 0.000681768038)
(0.127736933 -0.127736933 0.000681768062)
(0.127736933 0.127736933 0.000681768062)
(0.146146736 -0.106181818 0.000681768038)
(0.146146736 0.106181818 0.000681768038)
(0.160957918 -0.082012157 0.000681767994)
(0.160957918 0.082012157 0.000681767994)
(0.171805793 -0.0558230855 0.000681768033)
(0.171805793 0.0558230855 0.000681768033)
(0.178423238 -0.0282594649 0.000681768049)
(0.178423238 0.0282594649 0.000681768049)
(0.180647308 8.60476377e-21 0.000681768049)
(0.198904303 -0.85682178 0.000800578627)
(0.198904303 0.85682178 0.000800578627)
(0.268982113 -0.962988258 0.000680810613)
(0.268982113 0.962988258 0.000680810613)
(0.272918706 -0.353553385 0.000693519247)
(0.272918706 0.353553385 0.000693519247)
(0.275666262 -0.374423177 0.00069351931)
(0.275666262 -0.332683592 0.00069351931)
(0.275666262 0.332683592 0.00069351931)
(0.275666262 0.374423177 0.00069351931)
(0.283721697 -0.393870723 0.000693519221)
(0.283721698 -0.313236045 0.00069351932)
(0.283721698 0.313236045 0.00069351932)
(0.283721697 0.393870723 0.000693519221)
(0.296536055 -0.410570744 0.000693519499)
(0.296536054 -0.296536054 0.000693519272)
(0.296536054 0.296536054 0.000693519272)
(0.296536055 0.410570744 0.000693519499)
(0.313236045 -0.423385072 0.000693519041)
(0.313236045 -0.283721698 0.00069351932)
(0.313236045 0.283721698 0.00069351932)
(0.313236045 0.423385072 0.000693519041)
(0.332403775 -1.10030492 0.000548900506)
(0.332403775 1.10030492 0.000548900506)
(0.332683592 -0.431440537 0.00069351946)
(0.332683592 -0.275666262 0.00069351931)
(0.332683592 0.275666262 0.00069351931)
(0.332683592 0.431440537 0.00069351946)
(0.342710264 -0.810096423 0.00080057861)
(0.342710264 0.810096423 0.00080057861)
(0.348419197 -0.937177547 0.000680810619)
(0.348419197 0.937177547 0.000680810619)
(0.353553385 -0.434188093 0.000693519247)
(0.353553385 -0.272918706 0.000693519247)
(0.353553385 0.272918706 0.000693519247)
(0.353553385 0.434188093 0.000693519247)
(0.374423177 -0.431440537 0.00069351946)
(0.374423177 -0.275666262 0.00069351931)
(0.374423177 0.275666262 0.00069351931)
(0.374423177 0.431440537 0.00069351946)
(0.377822713 -1.08554748 0.000548900374)
(0.377822713 1.08554748 0.000548900374)
(0.393870724 -0.423385072 0.000693518942)
(0.393870723 -0.283721697 0.000693519221)
(0.393870723 0.283721697 0.000693519221)
(0.393870724 0.423385072 0.000693518942)
(0.410570744 -0.410570744 0.000693519727)
(0.410570744 -0.296536055 0.000693519499)
(0.410570744 0.296536055 0.000693519499)
(0.410570744 0.410570744 0.000693519727)
(0.423385072 -0.393870724 0.000693518942)
(0.423385072 -0.313236045 0.000693519041)
(0.423385072 0.313236045 0.000693519041)
(0.423385072 0.393870724 0.000693518942)
(0.431440537 -0.374423177 0.00069351946)
(0.431440537 -0.332683592 0.00069351946)
(0.431440537 0.332683592 0.00069351946)
(0.431440537 0.374423177 0.00069351946)
(0.434188093 -0.353553385 0.000693519247)
(0.434188093 0.353553385 0.000693519247)
(0.453941738 -0.753421163 0.000800578606)
(0.453941738 0.753421163 0.000800578606)
(0.553396885 -0.832736194 0.000680810618)
(0.553396885 0.832736194 0.000680810618)
(0.576270357 -0.664544173 0.000800578599)
(0.576270357 0.664544173 0.000800578599)
(0.620970104 -0.783641368 0.000680810651)
(0.620970104 0.783641368 0.000680810651)
(0.656147683 -0.943733757 0.000548900454)
(0.656147683 0.943733757 0.000548900454)
(0.664544173 -0.576270357 0.000800578599)
(0.664544173 0.576270357 0.000800578599)
(0.694783351 -0.915663317 0.000548900414)
(0.694783351 0.915663317 0.000548900414)
(0.753421163 -0.453941738 0.000800578606)
(0.753421163 0.453941738 0.000800578606)
(0.783641368 -0.620970104 0.000680810651)
(0.783641368 0.620970104 0.000680810651)
(0.810096423 -0.342710264 0.00080057861)
(0.810096423 0.342710264 0.00080057861)
(0.832736194 -0.553396885 0.000680810618)
(0.832736194 0.553396885 0.000680810618)
(0.85682178 -0.198904303 0.000800578627)
(0.85682178 0.198904303 0.000800578627)
(0.876350753 -0.0756032705 0.000800578584)
(0.876350753 0.0756032705 0.000800578584)
(0.915663317 -0.694783351 0.000548900414)
(0.915663317 0.694783351 0.000548900414)
(0.937177547 -0.348419197 0.000680810619)
(0.937177547 0.348419197 0.000680810619)
(0.943733757 -0.656147683 0.000548900454)
(0.943733757 0.656147683 0.000548900454)
(0.962988258 -0.268982113 0.000680810613)
(0.962988258 0.268982113 0.000680810613)
(0.998976251 -0.0417625452 0.000680810652)
(0.998976251 0.0417625452 0.000680810652)
(1.08554748 -0.377822713 0.000548900374)
(1.08554748 0.377822713 0.000548900374)
(1.10030492 -0.332403775 0.000548900506)
(1.10030492 0.332403775 0.000548900506)
(1.14917059 -0.0238781549 0.000548900431)
(1.14917059 0.0238781549 0.000548900431)
(-1.14917059 -0.0238781549 0.299451111)
(-1.14917059 0.0238781549 0.299451111)
(-1.10030492 -0.332403775 0.299451111)
(-1.10030492 0.332403775 0.299451111)
(-1.08554748 -0.377822713 0.299451112)
(-1.08554748 0.377822713 0.299451112)
(-0.998976251 -0.0417625452 0.299319201)
(-0.998976251 0.0417625452 0.299319201)
(-0.962988258 -0.268982113 0.299319201)
(-0.962988258 0.268982113 0.299319201)
(-0.943733757 -0.656147683 0.299451111)
(-0.943733757 0.656147683 0.299451111)
(-0.937177547 -0.348419197 0.299319201)
(-0.937177547 0.348419197 0.299319201)
(-0.915663317 -0.694783351 0.299451112)
(-0.915663317 0.694783351 0.299451112)
(-0.876350753 -0.0756032705 0.299199433)
(-0.876350753 0.0756032705 0.299199433)
(-0.85682178 -0.198904303 0.299199433)
(-0.85682178 0.198904303 0.299199433)
(-0.832736194 -0.553396885 0.299319201)
(-0.832736194 0.553396885 0.299319201)
(-0.810096423 -0.342710264 0.299199433)
(-0.810096423 0.342710264 0.299199433)
(-0.783641368 -0.620970104 0.299319201)
(-0.783641368 0.620970104 0.299319201)
(-0.753421163 -0.453941738 0.299199433)
(-0.753421163 0.453941738 0.299199433)
(-0.694783351 -0.915663317 0.299451112)
(-0.694783351 0.915663317 0.299451112)
(-0.664544173 -0.576270357 0.299199433)
(-0.664544173 0.576270357 0.299199433)
(-0.656147683 -0.943733757 0.299451111)
(-0.656147683 0.943733757 0.299451111)
(-0.620970104 -0.783641368 0.299319201)
(-0.620970104 0.783641368 0.299319201)
(-0.576270357 -0.664544173 0.299199433)
(-0.576270357 0.664544173 0.299199433)
(-0.553396885 -0.832736194 0.299319201)
(-0.553396885 0.832736194 0.299319201)
(-0.453941738 -0.753421163 0.299199433)
(-0.453941738 0.753421163 0.299199433)
(-0.434188093 -0.353553385 0.299306493)
(-0.434188093 0.353553385 0.299306493)
(-0.431440537 -0.374423177 0.299306492)
(-0.431440537 -0.332683592 0.299306492)
(-0.431440537 0.332683592 0.299306492)
(-0.431440537 0.374423177 0.299306492)
(-0.423385072 -0.393870724 0.299306493)
(-0.423385072 -0.313236045 0.299306493)
(-0.423385072 0.313236045 0.299306493)
(-0.423385072 0.393870724 0.299306493)
(-0.410570744 -0.410570744 0.299306492)
(-0.410570744 -0.296536055 0.299306492)
(-0.410570744 0.296536055 0.299306492)
(-0.410570744 0.410570744 0.299306492)
(-0.393870724 -0.423385072 0.299306493)
(-0.393870723 -0.283721697 0.299306493)
(-0.393870723 0.283721697 0.299306493)
(-0.393870724 0.423385072 0.299306493)
(-0.377822713 -1.08554748 0.299451112)
(-0.377822713 1.08554748 0.299451112)
(-0.374423177 -0.431440537 0.299306492)
(-0.374423177 -0.275666262 0.299306493)
(-0.374423177 0.275666262 0.299306493)
(-0.374423177 0.431440537 0.299306492)
(-0.353553385 -0.434188093 0.299306493)
(-0.353553385 -0.272918706 0.299306493)
(-0.353553385 0.272918706 0.299306493)
(-0.353553385 0.434188093 0.299306493)
(-0.348419197 -0.937177547 0.299319201)
(-0.348419197 0.937177547 0.299319201)
(-0.342710264 -0.810096423 0.299199433)
(-0.342710264 0.810096423 0.299199433)
(-0.332683592 -0.431440537 0.299306492)
(-0.332683592 -0.275666262 0.299306493)
(-0.332683592 0.275666262 0.299306493)
(-0.332683592 0.431440537 0.299306492)
(-0.332403775 -1.10030492 0.299451111)
(-0.332403775 1.10030492 0.299451111)
(-0.313236045 -0.423385072 0.299306493)
(-0.313236045 -0.283721698 0.299306493)
(-0.313236045 0.283721698 0.299306493)
(-0.313236045 0.423385072 0.299306493)
(-0.296536055 -0.410570744 0.299306492)
(-0.296536054 -0.296536054 0.299306493)
(-0.296536054 0.296536054 0.299306493)
(-0.296536055 0.410570744 0.299306492)
(-0.283721697 -0.393870723 0.299306493)
(-0.283721698 -0.313236045 0.299306493)
(-0.283721698 0.313236045 0.299306493)
(-0.283721697 0.393870723 0.299306493)
(-0.275666262 -0.374423177 0.299306493)
(-0.275666262 -0.332683592 0.299306493)
(-0.275666262 0.332683592 0.299306493)
(-0.275666262 0.374423177 0.299306493)
(-0.272918706 -0.353553385 0.299306493)
(-0.272918706 0.353553385 0.299306493)
(-0.268982113 -0.962988258 0.299319201)
(-0.268982113 0.962988258 0.299319201)
(-0.198904303 -0.85682178 0.299199433)
(-0.198904303 0.85682178 0.299199433)
(-0.180647308 -2.20768062e-17 0.299318244)
(-0.178423238 -0.0282594649 0.299318244)
(-0.178423238 0.0282594649 0.299318244)
(-0.171805793 -0.0558230855 0.299318244)
(-0.171805793 0.0558230855 0.299318244)
(-0.160957918 -0.082012157 0.299318244)
(-0.160957918 0.082012157 0.299318244)
(-0.146146736 -0.106181818 0.299318244)
(-0.146146736 0.106181818 0.299318244)
(-0.127736933 -0.127736933 0.299318244)
(-0.127736933 0.127736933 0.299318244)
(-0.106181818 -0.146146736 0.299318244)
(-0.106181818 0.146146736 0.299318244)
(-0.082012157 -0.160957918 0.299318244)
(-0.082012157 0.160957918 0.299318244)
(-0.0756032705 -0.876350753 0.299199433)
(-0.0756032705 0.876350753 0.299199433)
(-0.0558230855 -0.171805793 0.299318244)
(-0.0558230855 0.171805793 0.299318244)
(-0.0417625452 -0.998976251 0.299319201)
(-0.0417625452 0.998976251 0.299319201)
(-0.0282594649 -0.178423238 0.299318244)
(-0.0282594649 0.178423238 0.299318244)
(-0.0238781549 -1.14917059 0.299451111)
(-0.0238781549 1.14917059 0.299451111)
(1.10372379e-17 -0.180647308 0.299318244)
(-3.31199599e-17 0.180647308 0.299318244)
(0.0238781549 -1.14917059 0.299451111)
(0.0238781549 1.14917059 0.299451111)
(0.0282594649 -0.178423238 0.299318244)
(0.0282594649 0.178423238 0.299318244)
(0.0417625452 -0.998976251 0.299319201)
(0.0417625452 0.998976251 0.299319201)
(0.0558230855 -0.171805793 0.299318244)
(0.0558230855 0.171805793 0.299318244)
(0.0756032705 -0.876350753 0.299199433)
(0.0756032705 0.876350753 0.299199433)
(0.082012157 -0.160957918 0.299318244)
(0.082012157 0.160957918 0.299318244)
(0.106181818 -0.146146736 0.299318244)
(0.106181818 0.146146736 0.299318244)
(0.127736933 -0.127736933 0.299318244)
(0.127736933 0.127736933 0.299318244)
(0.146146736 -0.106181818 0.299318244)
(0.146146736 0.106181818 0.299318244)
(0.160957918 -0.082012157 0.299318244)
(0.160957918 0.082012157 0.299318244)
(0.171805793 -0.0558230855 0.299318244)
(0.171805793 0.0558230855 0.299318244)
(0.178423238 -0.0282594649 0.299318244)
(0.178423238 0.0282594649 0.299318244)
(0.180647308 -8.24623195e-21 0.299318244)
(0.198904303 -0.85682178 0.299199433)
(0.198904303 0.85682178 0.299199433)
(0.268982113 -0.962988258 0.299319201)
(0.268982113 0.962988258 0.299319201)
(0.272918706 -0.353553385 0.299306493)
(0.272918706 0.353553385 0.299306493)
(0.275666262 -0.374423177 0.299306493)
(0.275666262 -0.332683592 0.299306493)
(0.275666262 0.332683592 0.299306493)
(0.275666262 0.374423177 0.299306493)
(0.283721697 -0.393870723 0.299306493)
(0.283721698 -0.313236045 0.299306493)
(0.283721698 0.313236045 0.299306493)
(0.283721697 0.393870723 0.299306493)
(0.296536055 -0.410570744 0.299306492)
(0.296536054 -0.296536054 0.299306493)
(0.296536054 0.296536054 0.299306493)
(0.296536055 0.410570744 0.299306492)
(0.313236045 -0.423385072 0.299306493)
(0.313236045 -0.283721698 0.299306493)
(0.313236045 0.283721698 0.299306493)
(0.313236045 0.423385072 0.299306493)
(0.332403775 -1.10030492 0.299451111)
(0.332403775 1.10030492 0.299451111)
(0.332683592 -0.431440537 0.299306492)
(0.332683592 -0.275666262 0.299306493)
(0.332683592 0.275666262 0.299306493)
(0.332683592 0.431440537 0.299306492)
(0.342710264 -0.810096423 0.299199433)
(0.342710264 0.810096423 0.299199433)
(0.348419197 -0.937177547 0.299319201)
(0.348419197 0.937177547 0.299319201)
(0.353553385 -0.434188093 0.299306493)
(0.353553385 -0.272918706 0.299306493)
(0.353553385 0.272918706 0.299306493)
(0.353553385 0.434188093 0.299306493)
(0.374423177 -0.431440537 0.299306492)
(0.374423177 -0.275666262 0.299306493)
(0.374423177 0.275666262 0.299306493)
(0.374423177 0.431440537 0.299306492)
(0.377822713 -1.08554748 0.299451112)
(0.377822713 1.08554748 0.299451112)
(0.393870724 -0.423385072 0.299306493)
(0.393870723 -0.283721697 0.299306493)
(0.393870723 0.283721697 0.299306493)
(0.393870724 0.423385072 0.299306493)
(0.410570744 -0.410570744 0.299306492)
(0.410570744 -0.296536055 0.299306492)
(0.410570744 0.296536055 0.299306492)
(0.410570744 0.410570744 0.299306492)
(0.423385072 -0.393870724 0.299306493)
(0.423385072 -0.313236045 0.299306493)
(0.423385072 0.313236045 0.299306493)
(0.423385072 0.393870724 0.299306493)
(0.431440537 -0.374423177 0.299306492)
(0.431440537 -0.332683592 0.299306492)
(0.431440537 0.332683592 0.299306492)
(0.431440537 0.374423177 0.299306492)
(0.434188093 -0.353553385 0.299306493)
(0.434188093 0.353553385 0.299306493)
(0.453941738 -0.753421163 0.299199433)
(0.453941738 0.753421163 0.299199433)
(0.553396885 -0.832736194 0.299319201)
(0.553396885 0.832736194 0.299319201)
(0.576270357 -0.664544173 0.299199433)
(0.576270357 0.664544173 0.299199433)
(0.620970104 -0.783641368 0.299319201)
(0.620970104 0.783641368 0.299319201)
(0.656147683 -0.943733757 0.299451111)
(0.656147683 0.943733757 0.299451111)
(0.664544173 -0.576270357 0.299199433)
(0.664544173 0.576270357 0.299199433)
(0.694783351 -0.915663317 0.299451112)
(0.694783351 0.915663317 0.299451112)
(0.753421163 -0.453941738 0.299199433)
(0.753421163 0.453941738 0.299199433)
(0.783641368 -0.620970104 0.299319201)
(0.783641368 0.620970104 0.299319201)
(0.810096423 -0.342710264 0.299199433)
(0.810096423 0.342710264 0.299199433)
(0.832736194 -0.553396885 0.299319201)
(0.832736194 0.553396885 0.299319201)
(0.85682178 -0.198904303 0.299199433)
(0.85682178 0.198904303 0.299199433)
(0.876350753 -0.0756032705 0.299199433)
(0.876350753 0.0756032705 0.299199433)
(0.915663317 -0.694783351 0.299451112)
(0.915663317 0.694783351 0.299451112)
(0.937177547 -0.348419197 0.299319201)
(0.937177547 0.348419197 0.299319201)
(0.943733757 -0.656147683 0.299451111)
(0.943733757 0.656147683 0.299451111)
(0.962988258 -0.268982113 0.299319201)
(0.962988258 0.268982113 0.299319201)
(0.998976251 -0.0417625452 0.299319201)
(0.998976251 0.0417625452 0.299319201)
(1.08554748 -0.377822713 0.299451112)
(1.08554748 0.377822713 0.299451112)
(1.10030492 -0.332403775 0.299451111)
(1.10030492 0.332403775 0.299451111)
(1.14917059 -0.0238781549 0.299451111)
(1.14917059 0.0238781549 0.299451111)
(-1.14974141 -0.0243847854 0)
(-1.14974141 0.0243847854 0)
(-1.10100436 -0.332098335 0)
(-1.10100436 0.332098335 0)
(-1.0859338 -0.378480941 0)
(-1.0859338 0.378480941 0)
(-0.999100745 -0.042398788 0)
(-0.999100745 0.042398788 0)
(-0.963303268 -0.268415481 0)
(-0.963303268 0.268415481 0)
(-0.944493353 -0.656073332 0)
(-0.944493353 0.656073332 0)
(-0.937099338 -0.349062771 0)
(-0.937099338 0.349062771 0)
(-0.915827334 -0.695528746 0)
(-0.915827334 0.695528746 0)
(-0.876717925 -0.0759320036 0)
(-0.876717925 0.0759320036 0)
(-0.857272565 -0.198705122 0)
(-0.857272565 0.198705122 0)
(-0.833210886 -0.552955329 0)
(-0.833210886 0.552955329 0)
(-0.81034404 -0.34313637 0)
(-0.81034404 0.34313637 0)
(-0.783368111 -0.621558011 0)
(-0.783368111 0.621558011 0)
(-0.753911436 -0.453891605 0)
(-0.753911436 0.453891605 0)
(-0.695528746 -0.915827334 0)
(-0.695528746 0.915827334 0)
(-0.664647996 -0.576752126 0)
(-0.664647996 0.576752126 0)
(-0.656073332 -0.944493353 0)
(-0.656073332 0.944493353 0)
(-0.621558011 -0.783368111 0)
(-0.621558011 0.783368111 0)
(-0.576752126 -0.664647996 0)
(-0.576752126 0.664647996 0)
(-0.552955329 -0.833210886 0)
(-0.552955329 0.833210886 0)
(-0.453891605 -0.753911436 0)
(-0.453891605 0.753911436 0)
(-0.433553398 -0.353553385 0)
(-0.433553398 0.353553385 0)
(-0.430827469 -0.374258906 0)
(-0.430827469 -0.332847863 0)
(-0.430827469 0.332847863 0)
(-0.430827469 0.374258906 0)
(-0.42283541 -0.393553376 0)
(-0.42283541 -0.313553393 0)
(-0.42283541 0.313553393 0)
(-0.42283541 0.393553376 0)
(-0.410121948 -0.410121948 0)
(-0.410121948 -0.296984851 0)
(-0.410121948 0.296984851 0)
(-0.410121948 0.410121948 0)
(-0.393553376 -0.42283541 0)
(-0.393553376 -0.284271359 0)
(-0.393553376 0.284271359 0)
(-0.393553376 0.42283541 0)
(-0.378480941 -1.0859338 0)
(-0.378480941 1.0859338 0)
(-0.374258906 -0.430827469 0)
(-0.374258906 -0.27627933 0)
(-0.374258906 0.27627933 0)
(-0.374258906 0.430827469 0)
(-0.353553385 -0.433553398 0)
(-0.353553385 -0.273553401 0)
(-0.353553385 0.273553401 0)
(-0.353553385 0.433553398 0)
(-0.349062771 -0.937099338 0)
(-0.349062771 0.937099338 0)
(-0.34313637 -0.81034404 0)
(-0.34313637 0.81034404 0)
(-0.332847863 -0.430827469 0)
(-0.332847863 -0.27627933 0)
(-0.332847863 0.27627933 0)
(-0.332847863 0.430827469 0)
(-0.332098335 -1.10100436 0)
(-0.332098335 1.10100436 0)
(-0.313553393 -0.42283541 0)
(-0.313553393 -0.284271359 0)
(-0.313553393 0.284271359 0)
(-0.313553393 0.42283541 0)
(-0.296984851 -0.410121948 0)
(-0.296984851 -0.296984851 0)
(-0.296984851 0.296984851 0)
(-0.296984851 0.410121948 0)
(-0.284271359 -0.393553376 0)
(-0.284271359 -0.313553393 0)
(-0.284271359 0.313553393 0)
(-0.284271359 0.393553376 0)
(-0.27627933 -0.374258906 0)
(-0.27627933 -0.332847863 0)
(-0.27627933 0.332847863 0)
(-0.27627933 0.374258906 0)
(-0.273553401 -0.353553385 0)
(-0.273553401 0.353553385 0)
(-0.268415481 -0.963303268 0)
(-0.268415481 0.963303268 0)
(-0.198705122 -0.857272565 0)
(-0.198705122 0.857272565 0)
(-0.180000007 -2.2043642e-17 0)
(-0.177783906 -0.0281582046 0)
(-0.177783906 0.0281582046 0)
(-0.171190172 -0.0556230582 0)
(-0.171190172 0.0556230582 0)
(-0.160381168 -0.0817182884 0)
(-0.160381168 0.0817182884 0)
(-0.145623058 -0.105801344 0)
(-0.145623058 0.105801344 0)
(-0.127279222 -0.127279222 0)
(-0.127279222 0.127279222 0)
(-0.105801344 -0.145623058 0)
(-0.105801344 0.145623058 0)
(-0.0817182884 -0.160381168 0)
(-0.0817182884 0.160381168 0)
(-0.0759320036 -0.876717925 0)
(-0.0759320036 0.876717925 0)
(-0.0556230582 -0.171190172 0)
(-0.0556230582 0.171190172 0)
(-0.042398788 -0.999100745 0)
(-0.042398788 0.999100745 0)
(-0.0281582046 -0.177783906 0)
(-0.0281582046 0.177783906 0)
(-0.0243847854 -1.14974141 0)
(-0.0243847854 1.14974141 0)
(1.1021821e-17 -0.180000007 0)
(-3.3065463e-17 0.180000007 0)
(0.0243847854 -1.14974141 0)
(0.0243847854 1.14974141 0)
(0.0281582046 -0.177783906 0)
(0.0281582046 0.177783906 0)
(0.042398788 -0.999100745 0)
(0.042398788 0.999100745 0)
(0.0556230582 -0.171190172 0)
(0.0556230582 0.171190172 0)
(0.0759320036 -0.876717925 0)
(0.0759320036 0.876717925 0)
(0.0817182884 -0.160381168 0)
(0.0817182884 0.160381168 0)
(0.105801344 -0.145623058 0)
(0.105801344 0.145623058 0)
(0.127279222 -0.127279222 0)
(0.127279222 0.127279222 0)
(0.145623058 -0.105801344 0)
(0.145623058 0.105801344 0)
(0.160381168 -0.0817182884 0)
(0.160381168 0.0817182884 0)
(0.171190172 -0.0556230582 0)
(0.171190172 0.0556230582 0)
(0.177783906 -0.0281582046 0)
(0.177783906 0.0281582046 0)
(0.180000007 0 0)
(0.198705122 -0.857272565 0)
(0.198705122 0.857272565 0)
(0.268415481 -0.963303268 0)
(0.268415481 0.963303268 0)
(0.273553401 -0.353553385 0)
(0.273553401 0.353553385 0)
(0.27627933 -0.374258906 0)
(0.27627933 -0.332847863 0)
(0.27627933 0.332847863 0)
(0.27627933 0.374258906 0)
(0.284271359 -0.393553376 0)
(0.284271359 -0.313553393 0)
(0.284271359 0.313553393 0)
(0.284271359 0.393553376 0)
(0.296984851 -0.410121948 0)
(0.296984851 -0.296984851 0)
(0.296984851 0.296984851 0)
(0.296984851 0.410121948 0)
(0.313553393 -0.42283541 0)
(0.313553393 -0.284271359 0)
(0.313553393 0.284271359 0)
(0.313553393 0.42283541 0)
(0.332098335 -1.10100436 0)
(0.332098335 1.10100436 0)
(0.332847863 -0.430827469 0)
(0.332847863 -0.27627933 0)
(0.332847863 0.27627933 0)
(0.332847863 0.430827469 0)
(0.34313637 -0.81034404 0)
(0.34313637 0.81034404 0)
(0.349062771 -0.937099338 0)
(0.349062771 0.937099338 0)
(0.353553385 -0.433553398 0)
(0.353553385 -0.273553401 0)
(0.353553385 0.273553401 0)
(0.353553385 0.433553398 0)
(0.374258906 -0.430827469 0)
(0.374258906 -0.27627933 0)
(0.374258906 0.27627933 0)
(0.374258906 0.430827469 0)
(0.378480941 -1.0859338 0)
(0.378480941 1.0859338 0)
(0.393553376 -0.42283541 0)
(0.393553376 -0.284271359 0)
(0.393553376 0.284271359 0)
(0.393553376 0.42283541 0)
(0.410121948 -0.410121948 0)
(0.410121948 -0.296984851 0)
(0.410121948 0.296984851 0)
(0.410121948 0.410121948 0)
(0.42283541 -0.393553376 0)
(0.42283541 -0.313553393 0)
(0.42283541 0.313553393 0)
(0.42283541 0.393553376 0)
(0.430827469 -0.374258906 0)
(0.430827469 -0.332847863 0)
(0.430827469 0.332847863 0)
(0.430827469 0.374258906 0)
(0.433553398 -0.353553385 0)
(0.433553398 0.353553385 0)
(0.453891605 -0.753911436 0)
(0.453891605 0.753911436 0)
(0.552955329 -0.833210886 0)
(0.552955329 0.833210886 0)
(0.576752126 -0.664647996 0)
(0.576752126 0.664647996 0)
(0.621558011 -0.783368111 0)
(0.621558011 0.783368111 0)
(0.656073332 -0.944493353 0)
(0.656073332 0.944493353 0)
(0.664647996 -0.576752126 0)
(0.664647996 0.576752126 0)
(0.695528746 -0.915827334 0)
(0.695528746 0.915827334 0)
(0.753911436 -0.453891605 0)
(0.753911436 0.453891605 0)
(0.783368111 -0.621558011 0)
(0.783368111 0.621558011 0)
(0.81034404 -0.34313637 0)
(0.81034404 0.34313637 0)
(0.833210886 -0.552955329 0)
(0.833210886 0.552955329 0)
(0.857272565 -0.198705122 0)
(0.857272565 0.198705122 0)
(0.876717925 -0.0759320036 0)
(0.876717925 0.0759320036 0)
(0.915827334 -0.695528746 0)
(0.915827334 0.695528746 0)
(0.937099338 -0.349062771 0)
(0.937099338 0.349062771 0)
(0.944493353 -0.656073332 0)
(0.944493353 0.656073332 0)
(0.963303268 -0.268415481 0)
(0.963303268 0.268415481 0)
(0.999100745 -0.042398788 0)
(0.999100745 0.042398788 0)
(1.0859338 -0.378480941 0)
(1.0859338 0.378480941 0)
(1.10100436 -0.332098335 0)
(1.10100436 0.332098335 0)
(1.14974141 -0.0243847854 0)
(1.14974141 0.0243847854 0)
(-1.14974141 -0.0243847854 0.300000012)
(-1.14974141 0.0243847854 0.300000012)
(-1.10100436 -0.332098335 0.300000012)
(-1.10100436 0.332098335 0.300000012)
(-1.0859338 -0.378480941 0.300000012)
(-1.0859338 0.378480941 0.300000012)
(-0.999100745 -0.042398788 0.300000012)
(-0.999100745 0.042398788 0.300000012)
(-0.963303268 -0.268415481 0.300000012)
(-0.963303268 0.268415481 0.300000012)
(-0.944493353 -0.656073332 0.300000012)
(-0.944493353 0.656073332 0.300000012)
(-0.937099338 -0.349062771 0.300000012)
(-0.937099338 0.349062771 0.300000012)
(-0.915827334 -0.695528746 0.300000012)
(-0.915827334 0.695528746 0.300000012)
(-0.876717925 -0.0759320036 0.300000012)
(-0.876717925 0.0759320036 0.300000012)
(-0.857272565 -0.198705122 0.300000012)
(-0.857272565 0.198705122 0.300000012)
(-0.833210886 -0.552955329 0.300000012)
(-0.833210886 0.552955329 0.300000012)
(-0.81034404 -0.34313637 0.300000012)
(-0.81034404 0.34313637 0.300000012)
(-0.783368111 -0.621558011 0.300000012)
(-0.783368111 0.621558011 0.300000012)
(-0.753911436 -0.453891605 0.300000012)
(-0.753911436 0.453891605 0.300000012)
(-0.695528746 -0.915827334 0.300000012)
(-0.695528746 0.915827334 0.300000012)
(-0.664647996 -0.576752126 0.300000012)
(-0.664647996 0.576752126 0.300000012)
(-0.656073332 -0.944493353 0.300000012)
(-0.656073332 0.944493353 0.300000012)
(-0.621558011 -0.783368111 0.300000012)
(-0.621558011 0.783368111 0.300000012)
(-0.576752126 -0.664647996 0.300000012)
(-0.576752126 0.664647996 0.300000012)
(-0.552955329 -0.833210886 0.300000012)
(-0.552955329 0.833210886 0.300000012)
(-0.453891605 -0.753911436 0.300000012)
(-0.453891605 0.753911436 0.300000012)
(-0.433553398 -0.353553385 0.300000012)
(-0.433553398 0.353553385 0.300000012)
(-0.430827469 -0.374258906 0.300000012)
(-0.430827469 -0.332847863 0.300000012)
(-0.430827469 0.332847863 0.300000012)
(-0.430827469 0.374258906 0.300000012)
(-0.42283541 -0.393553376 0.300000012)
(-0.42283541 -0.313553393 0.300000012)
(-0.42283541 0.313553393 0.300000012)
(-0.42283541 0.393553376 0.300000012)
(-0.410121948 -0.410121948 0.300000012)
(-0.410121948 -0.296984851 0.300000012)
(-0.410121948 0.296984851 0.300000012)
(-0.410121948 0.410121948 0.300000012)
(-0.393553376 -0.42283541 0.300000012)
(-0.393553376 -0.284271359 0.300000012)
(-0.393553376 0.284271359 0.300000012)
(-0.393553376 0.42283541 0.300000012)
(-0.378480941 -1.0859338 0.300000012)
(-0.378480941 1.0859338 0.300000012)
(-0.374258906 -0.430827469 0.300000012)
(-0.374258906 -0.27627933 0.300000012)
(-0.374258906 0.27627933 0.300000012)
(-0.374258906 0.430827469 0.300000012)
(-0.353553385 -0.433553398 0.300000012)
(-0.353553385 -0.273553401 0.300000012)
(-0.353553385 0.273553401 0.300000012)
(-0.353553385 0.433553398 0.300000012)
(-0.349062771 -0.937099338 0.300000012)
(-0.349062771 0.937099338 0.300000012)
(-0.34313637 -0.81034404 0.300000012)
(-0.34313637 0.81034404 0.300000012)
(-0.332847863 -0.430827469 0.300000012)
(-0.332847863 -0.27627933 0.300000012)
(-0.332847863 0.27627933 0.300000012)
(-0.332847863 0.430827469 0.300000012)
(-0.332098335 -1.10100436 0.300000012)
(-0.332098335 1.10100436 0.300000012)
(-0.313553393 -0.42283541 0.300000012)
(-0.313553393 -0.284271359 0.300000012)
(-0.313553393 0.284271359 0.300000012)
(-0.313553393 0.42283541 0.300000012)
(-0.296984851 -0.410121948 0.300000012)
(-0.296984851 -0.296984851 0.300000012)
(-0.296984851 0.296984851 0.300000012)
(-0.296984851 0.410121948 0.300000012)
(-0.284271359 -0.393553376 0.300000012)
(-0.284271359 -0.313553393 0.300000012)
(-0.284271359 0.313553393 0.300000012)
(-0.284271359 0.393553376 0.300000012)
(-0.27627933 -0.374258906 0.300000012)
(-0.27627933 -0.332847863 0.300000012)
(-0.27627933 0.332847863 0.300000012)
(-0.27627933 0.374258906 0.300000012)
(-0.273553401 -0.353553385 0.300000012)
(-0.273553401 0.353553385 0.300000012)
(-0.268415481 -0.963303268 0.300000012)
(-0.268415481 0.963303268 0.300000012)
(-0.198705122 -0.857272565 0.300000012)
(-0.198705122 0.857272565 0.300000012)
(-0.180000007 -2.2043642e-17 0.300000012)
(-0.177783906 -0.0281582046 0.300000012)
(-0.177783906 0.0281582046 0.300000012)
(-0.171190172 -0.0556230582 0.300000012)
(-0.171190172 0.0556230582 0.300000012)
(-0.160381168 -0.0817182884 0.300000012)
(-0.160381168 0.0817182884 0.300000012)
(-0.145623058 -0.105801344 0.300000012)
(-0.145623058 0.105801344 0.300000012)
(-0.127279222 -0.127279222 0.300000012)
(-0.127279222 0.127279222 0.300000012)
(-0.105801344 -0.145623058 0.300000012)
(-0.105801344 0.145623058 0.300000012)
(-0.0817182884 -0.160381168 0.300000012)
(-0.0817182884 0.160381168 0.300000012)
(-0.0759320036 -0.876717925 0.300000012)
(-0.0759320036 0.876717925 0.300000012)
(-0.0556230582 -0.171190172 0.300000012)
(-0.0556230582 0.171190172 0.300000012)
(-0.042398788 -0.999100745 0.300000012)
(-0.042398788 0.999100745 0.300000012)
(-0.0281582046 -0.177783906 0.300000012)
(-0.0281582046 0.177783906 0.300000012)
(-0.0243847854 -1.14974141 0.300000012)
(-0.0243847854 1.14974141 0.300000012)
(1.1021821e-17 -0.180000007 0.300000012)
(-3.3065463e-17 0.180000007 0.300000012)
(0.0243847854 -1.14974141 0.300000012)
(0.0243847854 1.14974141 0.300000012)
(0.0281582046 -0.177783906 0.300000012)
(0.0281582046 0.177783906 0.300000012)
(0.042398788 -0.999100745 0.300000012)
(0.042398788 0.999100745 0.300000012)
(0.0556230582 -0.171190172 0.300000012)
(0.0556230582 0.171190172 0.300000012)
(0.0759320036 -0.876717925 0.300000012)
(0.0759320036 0.876717925 0.300000012)
(0.0817182884 -0.160381168 0.300000012)
(0.0817182884 0.160381168 0.300000012)
(0.105801344 -0.145623058 0.300000012)
(0.105801344 0.145623058 0.300000012)
(0.127279222 -0.127279222 0.300000012)
(0.127279222 0.127279222 0.300000012)
(0.145623058 -0.105801344 0.300000012)
(0.145623058 0.105801344 0.300000012)
(0.160381168 -0.0817182884 0.300000012)
(0.160381168 0.0817182884 0.300000012)
(0.171190172 -0.0556230582 0.300000012)
(0.171190172 0.0556230582 0.300000012)
(0.177783906 -0.0281582046 0.300000012)
(0.177783906 0.0281582046 0.300000012)
(0.180000007 0 0.300000012)
(0.198705122 -0.857272565 0.300000012)
(0.198705122 0.857272565 0.300000012)
(0.268415481 -0.963303268 0.300000012)
(0.268415481 0.963303268 0.300000012)
(0.273553401 -0.353553385 0.300000012)
(0.273553401 0.353553385 0.300000012)
(0.27627933 -0.374258906 0.300000012)
(0.27627933 -0.332847863 0.300000012)
(0.27627933 0.332847863 0.300000012)
(0.27627933 0.374258906 0.300000012)
(0.284271359 -0.393553376 0.300000012)
(0.284271359 -0.313553393 0.300000012)
(0.284271359 0.313553393 0.300000012)
(0.284271359 0.393553376 0.300000012)
(0.296984851 -0.410121948 0.300000012)
(0.296984851 -0.296984851 0.300000012)
(0.296984851 0.296984851 0.300000012)
(0.296984851 0.410121948 0.300000012)
(0.313553393 -0.42283541 0.300000012)
(0.313553393 -0.284271359 0.300000012)
(0.313553393 0.284271359 0.300000012)
(0.313553393 0.42283541 0.300000012)
(0.332098335 -1.10100436 0.300000012)
(0.332098335 1.10100436 0.300000012)
(0.332847863 -0.430827469 0.300000012)
(0.332847863 -0.27627933 0.300000012)
(0.332847863 0.27627933 0.300000012)
(0.332847863 0.430827469 0.300000012)
(0.34313637 -0.81034404 0.300000012)
(0.34313637 0.81034404 0.300000012)
(0.349062771 -0.937099338 0.300000012)
(0.349062771 0.937099338 0.300000012)
(0.353553385 -0.433553398 0.300000012)
(0.353553385 -0.273553401 0.300000012)
(0.353553385 0.273553401 0.300000012)
(0.353553385 0.433553398 0.300000012)
(0.374258906 -0.430827469 0.300000012)
(0.374258906 -0.27627933 0.300000012)
(0.374258906 0.27627933 0.300000012)
(0.374258906 0.430827469 0.300000012)
(0.378480941 -1.0859338 0.300000012)
(0.378480941 1.0859338 0.300000012)
(0.393553376 -0.42283541 0.300000012)
(0.393553376 -0.284271359 0.300000012)
(0.393553376 0.284271359 0.300000012)
(0.393553376 0.42283541 0.300000012)
(0.410121948 -0.410121948 0.300000012)
(0.410121948 -0.296984851 0.300000012)
(0.410121948 0.296984851 0.300000012)
(0.410121948 0.410121948 0.300000012)
(0.42283541 -0.393553376 0.300000012)
(0.42283541 -0.313553393 0.300000012)
(0.42283541 0.313553393 0.300000012)
(0.42283541 0.393553376 0.300000012)
(0.430827469 -0.374258906 0.300000012)
(0.430827469 -0.332847863 0.300000012)
(0.430827469 0.332847863 0.300000012)
(0.430827469 0.374258906 0.300000012)
(0.433553398 -0.353553385 0.300000012)
(0.433553398 0.353553385 0.300000012)
(0.453891605 -0.753911436 0.300000012)
(0.453891605 0.753911436 0.300000012)
(0.552955329 -0.833210886 0.300000012)
(0.552955329 0.833210886 0.300000012)
(0.576752126 -0.664647996 0.300000012)
(0.576752126 0.664647996 0.300000012)
(0.621558011 -0.783368111 0.300000012)
(0.621558011 0.783368111 0.300000012)
(0.656073332 -0.944493353 0.300000012)
(0.656073332 0.944493353 0.300000012)
(0.664647996 -0.576752126 0.300000012)
(0.664647996 0.576752126 0.300000012)
(0.695528746 -0.915827334 0.300000012)
(0.695528746 0.915827334 0.300000012)
(0.753911436 -0.453891605 0.300000012)
(0.753911436 0.453891605 0.300000012)
(0.783368111 -0.621558011 0.300000012)
(0.783368111 0.621558011 0.300000012)
(0.81034404 -0.34313637 0.300000012)
(0.81034404 0.34313637 0.300000012)
(0.833210886 -0.552955329 0.300000012)
(0.833210886 0.552955329 0.300000012)
(0.857272565 -0.198705122 0.300000012)
(0.857272565 0.198705122 0.300000012)
(0.876717925 -0.0759320036 0.300000012)
(0.876717925 0.0759320036 0.300000012)
(0.915827334 -0.695528746 0.300000012)
(0.915827334 0.695528746 0.300000012)
(0.937099338 -0.349062771 0.300000012)
(0.937099338 0.349062771 0.300000012)
(0.944493353 -0.656073332 0.300000012)
(0.944493353 0.656073332 0.300000012)
(0.963303268 -0.268415481 0.300000012)
(0.963303268 0.268415481 0.300000012)
(0.999100745 -0.042398788 0.300000012)
(0.999100745 0.042398788 0.300000012)
(1.0859338 -0.378480941 0.300000012)
(1.0859338 0.378480941 0.300000012)
(1.10100436 -0.332098335 0.300000012)
(1.10100436 0.332098335 0.300000012)
(1.14974141 -0.0243847854 0.300000012)
(1.14974141 0.0243847854 0.300000012)
)

// ************************************************************************* //
