/*--------------------------------*- C++ -*----------------------------------*\
  =========                 |
  \\      /  F ield         | OpenFOAM: The Open Source CFD Toolbox
   \\    /   O peration     |
    \\  /    A nd           | Version: 13
     \\/     M anipulation  |
\*---------------------------------------------------------------------------*/
FoamFile
{
    version     2.0;
    format      ascii;
    class       vectorField;
    location    "constant/polyMesh";
    object      points;
}
// * * * * * * * * * * * * * * * * * * * * * * * * * * * * * * * * * * * * //
128
(
(0.0204556242 -0.0237429657 4.38410406e-05)
(0.0204610161 -0.0237343986 0.133333349)
(0.0204610627 -0.0237344276 0.266666667)
(0.0204556817 -0.0237430599 0.399956058)
(0.0204556817 0.0237430599 4.39423687e-05)
(0.0204610627 0.0237344276 0.133333333)
(0.0204610161 0.0237343986 0.266666651)
(0.0204556242 0.0237429657 0.399956159)
(0.143583089 -0.0526871607 5.80588783e-05)
(0.143585598 -0.0526687506 0.133333338)
(0.142870645 -0.0525981542 0.266666667)
(0.143583089 -0.0526871646 0.399941936)
(0.143583089 0.0526871646 5.80642632e-05)
(0.142870645 0.0525981542 0.133333333)
(0.143585598 0.0526687506 0.266666662)
(0.143583089 0.0526871607 0.399941941)
(0.285715438 -0.0598955337 6.52296284e-05)
(0.28571579 -0.0598713326 0.13333333)
(0.285715729 -0.0598713325 0.266666667)
(0.285715448 -0.0598954987 0.399934811)
(0.285715448 0.0598954987 6.51888492e-05)
(0.285715729 0.0598713325 0.133333333)
(0.28571579 0.0598713326 0.26666667)
(0.285715438 0.0598955337 0.39993477)
(0.428433488 -0.0567741482 6.38313886e-05)
(0.428567217 -0.0567453997 0.133333333)
(0.428432521 -0.0567511461 0.266666668)
(0.428433494 -0.0567741988 0.399936107)
(0.428433494 0.0567741988 6.38926142e-05)
(0.428432521 0.0567511461 0.133333332)
(0.428567217 0.0567453997 0.266666667)
(0.428433488 0.0567741482 0.399936169)
(0.570515852 -0.0478980147 5.74236567e-05)
(0.571421039 -0.0478116123 0.133333333)
(0.570514491 -0.0478799348 0.266666669)
(0.570515868 -0.0478981233 0.399942421)
(0.570515868 0.0478981233 5.75794924e-05)
(0.570514491 0.0478799348 0.133333331)
(0.571421039 0.0478116123 0.266666667)
(0.570515852 0.0478980147 0.399942576)
(0.711875883 -0.0353818368 4.63142951e-05)
(0.714275922 -0.0351355597 0.133333333)
(0.711874768 -0.03537052 0.266666664)
(0.711875869 -0.0353817289 0.399953894)
(0.711875869 0.0353817289 4.61055951e-05)
(0.711874768 0.03537052 0.133333336)
(0.714275922 0.0351355597 0.266666667)
(0.711875883 0.0353818368 0.399953686)
(0.852474337 -0.0201328659 2.81581372e-05)
(0.850334039 -0.0203793663 0.133222662)
(0.852473866 -0.0201288471 0.266666665)
(0.852474341 -0.0201328286 0.399971967)
(0.852474341 0.0201328286 2.80332544e-05)
(0.852473866 0.0201288471 0.133333335)
(0.850334039 0.0203793663 0.266777338)
(0.852474337 0.0201328659 0.399971842)
(0.991997311 -0.00226930114 1.63759138e-05)
(0.991997097 -0.00226796825 0.133333333)
(0.991997082 -0.00226797079 0.266666671)
(0.991997283 -0.00226932641 0.399983501)
(0.991997283 0.00226932641 1.64989564e-05)
(0.991997082 0.00226797079 0.133333329)
(0.991997097 0.00226796825 0.266666667)
(0.991997311 0.00226930114 0.399983624)
(0.0204081633 -0.0238192902 0)
(0.0204081633 -0.0238192902 0.133333333)
(0.0204081633 -0.0238192902 0.266666667)
(0.0204081633 -0.0238192902 0.4)
(0.0204081633 0.0238192902 0)
(0.0204081633 0.0238192902 0.133333333)
(0.0204081633 0.0238192902 0.266666667)
(0.0204081633 0.0238192902 0.4)
(0.143572096 -0.0527678349 0)
(0.143572096 -0.0527678349 0.133333333)
(0.142857143 -0.0526972385 0.266666667)
(0.143572096 -0.0527678349 0.4)
(0.143572096 0.0527678349 0)
(0.142857143 0.0526972385 0.133333333)
(0.143572096 0.0527678349 0.266666667)
(0.143572096 0.0527678349 0.4)
(0.285714353 -0.0599713223 0)
(0.285714353 -0.0599713223 0.133333333)
(0.285714286 -0.0599713221 0.266666667)
(0.285714353 -0.0599713223 0.4)
(0.285714353 0.0599713223 0)
(0.285714286 0.0599713221 0.133333333)
(0.285714353 0.0599713223 0.266666667)
(0.285714353 0.0599713223 0.4)
(0.42843673 -0.0568510575 0)
(0.428571429 -0.056845311 0.133333333)
(0.42843673 -0.0568510575 0.266666667)
(0.42843673 -0.0568510575 0.4)
(0.42843673 0.0568510575 0)
(0.42843673 0.0568510575 0.133333333)
(0.428571429 0.056845311 0.266666667)
(0.42843673 0.0568510575 0.4)
(0.570522018 -0.0479796511 0)
(0.571428571 -0.0479113282 0.133333333)
(0.570522018 -0.0479796511 0.266666667)
(0.570522018 -0.0479796511 0.4)
(0.570522018 0.0479796511 0)
(0.570522018 0.0479796511 0.133333333)
(0.571428571 0.0479113282 0.266666667)
(0.570522018 0.0479796511 0.4)
(0.711884561 -0.0354700393 0)
(0.714285714 -0.0352350792 0.133333333)
(0.711884561 -0.0354700393 0.266666667)
(0.711884561 -0.0354700393 0.4)
(0.711884561 0.0354700393 0)
(0.711884561 0.0354700393 0.133333333)
(0.714285714 0.0352350792 0.266666667)
(0.711884561 0.0354700393 0.4)
(0.852485606 -0.0202281556 0)
(0.850345783 -0.0204786743 0.133222662)
(0.852485606 -0.0202281556 0.266666667)
(0.852485606 -0.0202281556 0.4)
(0.852485606 0.0202281556 0)
(0.852485606 0.0202281556 0.133333333)
(0.850345783 0.0204786743 0.266777338)
(0.852485606 0.0202281556 0.4)
(0.99201305 -0.0023666876 0)
(0.99201305 -0.0023666876 0.133333333)
(0.99201305 -0.0023666876 0.266666667)
(0.99201305 -0.0023666876 0.4)
(0.99201305 0.0023666876 0)
(0.99201305 0.0023666876 0.133333333)
(0.99201305 0.0023666876 0.266666667)
(0.99201305 0.0023666876 0.4)
)

// ************************************************************************* //
